1600696704702
1600696704833
1600696704850
1600696704868
1600696704910
1600696704931
1600696704957
1600696704983
1600696705021
1600696705045
1600696705154
1600696705204
1600696705219
1600696705234
1600696705257
1600696705289
1600696705319
1600696705365
1600696705388
1600696705414
1600696705481
1600696705497
1600696705532
1600696705573
1600696705590
1600696705622
1600696705658
1600696705685
1600696705719
1600696705749
1600696705797
1600696705814
1600696705879
1600696705897
1600696705952
1600696705991
1600696706056
1600696706088
1600696706108
1600696706154
1600696706196
1600696706283
1600696706306
1600696706389
1600696706420
1600696706440
1600696706455
1600696706518
1600696706569
1600696706589
1600696706644
1600696706666
1600696706690
1600696706727
1600696706797
1600696706813
1600696706829
1600696706867
1600696706891
1600696706918
1600696706962
1600696707007
1600696707036
1600696707070
1600696707097
1600696707126
1600696707159
1600696707189
1600696707228
1600696707253
1600696707314
1600696707328
1600696707348
1600696707393
1600696707413
1600696707446
1600696707477
1600696707524
1600696707559
1600696707591
1600696707644
1600696707659
1600696707687
1600696707717
1600696707751
1600696707782
1600696707813
1600696707845
1600696707922
1600696707951
1600696707993
1600696708024
1600696708074
1600696708089
1600696708109
1600696708128
1600696708153
1600696708220
1600696708262
1600696708329
1600696708419
1600696708461
1600696708477
1600696708492
1600696708520
1600696708551
1600696708581
1600696708651
1600696708713
1600696708770
1600696708800
1600696709042
1600696709136
1600696709172
1600696709208
1600696709282
1600696709355
1600696709393
1600696709408
1600696709455
1600696709502
1600696709517
1600696709573
1600696709598
1600696709612
1600696709627
1600696709680
1600696709698
1600696709724
1600696709780
1600696709849
1600696709863
1600696709879
1600696709935
1600696709999
1600696710015
1600696710034
1600696710060
1600696710100
1600696710117
1600696710173
1600696710208
1600696710234
1600696710250
1600696710285
1600696710366
1600696710380
1600696710394
1600696710444
1600696710461
1600696710521
1600696710536
1600696710562
1600696710583
1600696710618
1600696710652
1600696710680
1600696710735
1600696710763
1600696710800
1600696710833
1600696710873
1600696711003
1600696711023
1600696711064
1600696711093
1600696711129
1600696711159
1600696711189
1600696711224
1600696711315
1600696711339
1600696711354
1600696711389
1600696711438
1600696711452
1600696711492
1600696711527
1600696711565
1600696711590
1600696711829
1600696711951
1600696712007
1600696712026
1600696712077
1600696712119
1600696712157
1600696712201
1600696712222
1600696712298
1600696712324
1600696712338
1600696712359
1600696712394
1600696712432
1600696712467
1600696712492
1600696712526
1600696712549
1600696712586
1600696712681
1600696712696
1600696712730
1600696712757
1600696712798
1600696712823
1600696712854
1600696712886
1600696712917
1600696712949
1600696712999
1600696713019
1600696713045
1600696713077
1600696713142
1600696713160
1600696713193
1600696713263
1600696713283
1600696713302
1600696713336
1600696713351
1600696713382
1600696713414
1600696713445
1600696713477
1600696713525
1600696713572
1600696713611
1600696713644
1600696713792
1600696713809
1600696713823
1600696713847
1600696713892
1600696713929
1600696713966
1600696714009
1600696714034
1600696714119
1600696714300
1600696714359
1600696714377
1600696714564
1600696714656
1600696714720
1600696714756
1600696714807
1600696714828
1600696714853
1600696714891
1600696714906
1600696714922
1600696714950
1600696714986
1600696715013
1600696715045
1600696715079
1600696715132
1600696715157
1600696715204
1600696715237
1600696715267
1600696715304
1600696715331
1600696715352
1600696715382
1600696715433
1600696715494
1600696715510
1600696715552
1600696715567
1600696715589
1600696715621
1600696715660
1600696715689
1600696715716
1600696715749
1600696715800
1600696715814
1600696715866
1600696715881
1600696715930
1600696715958
1600696715990
1600696716022
1600696716053
1600696716092
1600696716121
1600696716149
1600696716213
1600696716233
16006967