1600352648972;0;0;0;0.5;-0.5;0.5
1600352649015;4.42065e-05;-0.00621739;-0.00386134;0.497013;-0.498487;0.504418
1600352649035;7.35668e-06;-0.00278878;-0.00161119;0.492176;-0.496679;0.50956
1600352649070;-7.36381e-05;-0.00268201;-0.001485;0.491745;-0.497044;0.5073
1600352649104;-0.000490385;-0.00828926;-0.00489573;0.501707;-0.494357;0.503144
1600352649131;-0.000909633;-0.00782272;-0.00520796;0.513118;-0.489217;0.50112
1600352649165;-0.000539165;-0.00383176;-0.00257756;0.510357;-0.489395;0.499323
1600352649196;-0.000174076;-0.00161938;-0.000996523;0.501867;-0.491273;0.499305
1600352649228;-0.000844999;-0.00909595;-0.00516355;0.502944;-0.490362;0.500101
1600352649259;-0.00075233;-0.00725082;-0.00453644;0.510645;-0.491212;0.49831
1600352649291;-0.000617007;-0.0052542;-0.00363948;0.514237;-0.490709;0.498107
1600352649323;-0.000185439;-0.00191579;-0.00137209;0.513223;-0.487593;0.502628
1600352649355;0;1.68;0;-0.17786;-0.759036;-0.0407178
1600352649386;0;1.68;0;-0.190224;-0.767967;-0.0206273
1600352649434;0.340589;1.40059;-0.829569;0.117604;0.973389;-0.121567
1600352649466;0.337725;1.3995;-0.831084;0.132744;0.976381;-0.107353
1600352649498;0.335795;1.40144;-0.831374;0.135337;0.978976;-0.085876
1600352649532;0.33386;1.40627;-0.83172;0.130588;0.978925;-0.0874793
1600352649564;0.331496;1.41163;-0.832106;0.143433;0.975302;-0.105468
1600352649595;0.330453;1.41551;-0.831884;0.14641;0.973369;-0.11578
1600352649629;0.331322;1.41952;-0.833576;0.143474;0.972557;-0.11459
1600352649661;0.332669;1.4268;-0.833959;0.149186;0.967517;-0.128437
1600352649691;0.333253;1.43025;-0.834215;0.132159;0.960205;-0.169034
1600352649722;0.329696;1.42558;-0.833737;0.113816;0.962567;-0.171368
1600352649754;0.328081;1.42273;-0.832026;0.132664;0.971051;-0.130195
1600352649786;0.333949;1.42391;-0.830037;0.140951;0.97396;-0.115473
1600352649834;0.339589;1.42201;-0.829374;0.141196;0.968434;-0.127714
1600352649866;0.343382;1.42036;-0.828457;0.139265;0.96415;-0.130204
1600352649899;0.348906;1.41605;-0.82817;0.134957;0.962768;-0.131555
1600352649931;0.354677;1.40817;-0.827446;0.133039;0.960914;-0.135096
1600352649963;0.357523;1.40291;-0.826338;0.134657;0.960663;-0.128419
1600352649996;0.361415;1.40016;-0.823735;0.123914;0.963034;-0.113924
1600352650028;0.365403;1.39747;-0.820595;0.115276;0.962611;-0.108046
1600352650058;0.368827;1.3917;-0.816254;0.115315;0.961895;-0.104141
1600352650094;0.375994;1.3887;-0.811152;0.0818688;0.966372;-0.0896061
1600352650155;0.378132;1.38924;-0.809468;0.0729907;0.964811;-0.0948537
1600352650177;0.378465;1.38969;-0.808306;0.0783264;0.962368;-0.102499
1600352650206;0.377217;1.38917;-0.806632;0.0928713;0.962559;-0.104361
1600352650245;0.376692;1.38902;-0.805934;0.0929082;0.964595;-0.0996054
1600352650273;0.376082;1.39091;-0.805072;0.0934224;0.965028;-0.0979566
1600352650301;0.376645;1.39066;-0.805019;0.0900705;0.965231;-0.104465
1600352650334;0.377757;1.38932;-0.804944;0.0844051;0.966143;-0.10178
1600352650365;0.38008;1.38697;-0.806466;0.0861091;0.965687;-0.0972631
1600352650400;0.382011;1.38346;-0.807152;0.0754726;0.966692;-0.0930177
1600352650432;0.38426;1.3796;-0.80751;0.0674872;0.968874;-0.0843339
1600352650459;0.387408;1.37716;-0.808167;0.0706132;0.969464;-0.0716845
1600352650490;0.390339;1.37585;-0.808065;0.080764;0.966914;-0.0677476
1600352650522;0.392083;1.37323;-0.806819;0.0863067;0.965273;-0.0728167
1600352650554;0.39271;1.36737;-0.804757;0.0976233;0.965894;-0.0624783
1600352650586;0.392645;1.35711;-0.799587;0.137159;0.965937;-0.0266631
1600352650635;0.391916;1.35059;-0.795687;0.151046;0.96783;-0.00530207
1600352650671;0.391305;1.34567;-0.792672;0.165167;0.96819;0.0143253
1600352650705;0.389754;1.33999;-0.790873;0.174551;0.966698;0.0301612
1600352650733;0.387644;1.33576;-0.787758;0.163656;0.96816;0.0477152
1600352650762;0.383518;1.33222;-0.784293;0.162976;0.969646;0.0570754
1600352650793;0.379211;1.32802;-0.780661;0.182814;0.968817;0.0612201
1600352650826;0.379168;1.325;-0.778298;0.191869;0.96924;0.0674736
1600352650858;0.381898;1.32293;-0.777392;0.180685;0.970224;0.0735342
1600352650891;0.381324;1.32492;-0.776406;0.180293;0.967041;0.0708726
1600352650922;0.378756;1.32701;-0.774681;0.186999;0.96632;0.058327
1600352650955;0.377424;1.32721;-0.773142;0.179581;0.971338;0.0449345
1600352650987;0.378602;1.32569;-0.769375;0.172528;0.973369;0.029057
1600352651034;0.379525;1.32442;-0.766643;0.167106;0.972979;0.0260278
1600352651066;0.380032;1.32596;-0.764188;0.176646;0.969347;0.0331344
1600352651098;0.38034;1.33145;-0.761005;0.192191;0.96488;0.0265813
1600352651133;0.380868;1.33479;-0.761225;0.181629;0.966421;0.00765
1600352651165;0.376974;1.33793;-0.761923;0.166698;0.968608;-0.00196645
1600352651200;0.371355;1.33876;-0.761552;0.168891;0.971164;-0.00143747
1600352651227;0.366464;1.33852;-0.761306;0.15927;0.977949;0.00697798
1600352651259;0.363357;1.33698;-0.760324;0.149927;0.982191;0.0192816
1600352651290;0.361985;1.33624;-0.75838;0.140055;0.984407;0.0326791
1600352651322;0.3612;1.33818;-0.754773;0.130242;0.986008;0.0368012
1600352651355;0.360011;1.33935;-0.752108;0.132486;0.985776;0.0278607
1600352651388;0.356985;1.3388;-0.750802;0.13311;0.985067;0.0215018
1600352651434;0.353641;1.33638;-0.74933;0.124313;0.986876;0.0204158
1600352651467;0.351901;1.33071;-0.748299;0.11982;0.988297;0.025244
1600352651499;0.35109;1.32467;-0.747538;0.109554;0.989066;0.0427245
1600352651531;0.349844;1.32028;-0.746967;0.0889152;0.988904;0.0657232
1600352651562;0.34549;1.31916;-0.746091;0.0848742;0.987272;0.079455
1600352651595;0.339522;1.31983;-0.746253;0.0866589;0.988085;0.0790015
1600352651630;0.333553;1.31917;-0.746457;0.0751705;0.991111;0.0772796
1600352651660;0.329867;1.32022;-0.747259;0.0536748;0.993882;0.0798601
1600352651695;0.327608;1.32463;-0.745171;0.056845;0.994573;0.0698829
1600352651722;0.326793;1.3297;-0.743595;0.0692638;0.995029;0.0406168
1600352651755;0.326868;1.3317;-0.743499;0.0737253;0.994626;0.0174439
1600352651786;0.328302;1.33642;-0.742966;0.0609286;0.993724;-0.00265646
1600352651836;0.327539;1.33843;-0.744399;0.045571;0.994077;-0.017771
1600352651866;0.325859;1.3389;-0.746375;0.0438049;0.995075;-0.0135968
1600352651899;0.324344;1.3423;-0.747843;0.0536681;0.995263;-0.00761956
1600352651932;0.322883;1.34706;-0.748844;0.0731114;0.994147;-0.0144862
1600352651963;0.323061;1.3514;-0.750197;0.0883961;0.992457;-0.0303397
1600352651996;0.324557;1.35494;-0.751784;0.0926208;0.990698;-0.0454204
1600352652028;0.325738;1.35802;-0.752724;0.0871204;0.989396;-0.0594805
1600352652058;0.326587;1.35986;-0.753023;0.0785278;0.988542;-0.0744094
1600352652090;0.327216;1.35939;-0.755003;0.0708271;0.989192;-0.0774081
1600352652124;0.327141;1.35848;-0.75718;0.0728119;0.990955;-0.0607824
1600352652155;0.327435;1.35815;-0.759524;0.0818354;0.992;-0.0408182
1600352652188;0.328238;1.35843;-0.762035;0.0837054;0.993697;-0.0296424
1600352652236;0.329903;1.35955;-0.763809;0.0777764;0.995043;-0.025317
1600352652267;0.331747;1.36081;-0.765266;0.0800135;0.994822;-0.0291367
1600352652298;0.334462;1.36045;-0.766576;0.0769278;0.994539;-0.0360657
1600352652331;0.336592;1.35829;-0.767805;0.0643307;0.995151;-0.0333407
1600352652363;0.336606;1.3556;-0.769242;0.0538851;0.995876;-0.0225307
1600352652395;0.335439;1.35232;-0.77065;0.04995;0.996642;-0.0101469
1600352652427;0.333983;1.34982;-0.771517;0.0502243;0.997399;0.00100976
1600352652459;0.332445;1.34921;-0.771444;0.0548232;0.997602;0.00505079
1600352652490;0.332026;1.34851;-0.770485;0.0570238;0.99766;0.00612535
1600352652522;0.332826;1.34757;-0.76966;0.052712;0.997684;0.0128078
1600352652554;0.333223;1.34782;-0.768468;0.047373;0.997523;0.0155064
1600352652588;0.332978;1.34726;-0.768194;0.0429703;0.997604;0.00777675
1600352652635;0.331431;1.34696;-0.76898;0.0481698;0.997421;0.00837961
1600352652668;0.330441;1.34717;-0.769831;0.0510563;0.997544;0.0101415
1600352652699;0.330231;1.34727;-0.769818;0.0508201;0.997713;0.0101196
1600352652731;0.330531;1.34724;-0.769646;0.0495025;0.99773;0.0102888
1600352652778;0.330753;1.34768;-0.769717;0.0502238;0.997602;0.0105257
1600352652803;0.331024;1.3479;-0.770111;0.0501707;0.997558;0.00914299
1600352652841;0.331176;1.34815;-0.770375;0.0523819;0.997462;0.00921822
1600352652866;0.331445;1.34871;-0.770785;0.0561256;0.997241;0.0085233
1600352652903;0.331549;1.34873;-0.771285;0.0562199;0.997246;0.00759827
1600352652930;0.331586;1.34937;-0.771335;0.0569782;0.997211;0.00700679
1600352652956;0.331537;1.34987;-0.771145;0.0586302;0.997144;0.00572646
1600352652990;0.332081;1.35004;-0.771064;0.0575575;0.997235;0.0065493
1600352653037;0.332716;1.35092;-0.770667;0.0557675;0.997194;0.00768526
1600352653066;0.333174;1.35181;-0.76983;0.0567024;0.996927;0.00386441
1600352653098;0.333371;1.35146;-0.769775;0.059017;0.996636;0.0010877
1600352653131;0.333399;1.35109;-0.769935;0.0580728;0.996654;0.00406319
1600352653163;0.332958;1.35125;-0.769762;0.0564739;0.996851;0.00551611
1600352653194;0.332738;1.35061;-0.76937;0.0589132;0.996803;0.00310075
1600352653226;0.332111;1.34867;-0.769547;0.0604615;0.996656;0.00495395
1600352653262;0.33064;1.3466;-0.769798;0.058147;0.996857;0.0120605
1600352653295;0.328795;1.34408;-0.768893;0.0556766;0.997309;0.0185576
1600352653330;0.327904;1.34234;-0.76799;0.0547582;0.997496;0.0204574
1600352653365;0.327533;1.34022;-0.767562;0.0528525;0.997502;0.0215387
1600352653391;0.32406;1.3397;-0.766732;0.0603117;0.996908;0.0270174
1600352653439;0.321002;1.34111;-0.765622;0.0642439;0.997059;0.0238894
1600352653473;0.31996;1.34143;-0.764242;0.059815;0.997514;0.02393
1600352653504;0.319534;1.3442;-0.762079;0.0567403;0.997528;0.0259071
1600352653536;0.318458;1.34632;-0.760886;0.0550113;0.9976;0.0201575
1600352653562;0.316303;1.34772;-0.760519;0.0516796;0.997952;0.0146714
1600352653596;0.314496;1.34961;-0.75997;0.053982;0.998061;0.0151832
1600352653627;0.314;1.3511;-0.759254;0.0561096;0.998118;0.0127568
1600352653659;0.313622;1.35213;-0.758446;0.0522329;0.998369;0.0091911
1600352653691;0.312601;1.3524;-0.757881;0.0492928;0.998546;0.00685792
1600352653723;0.31171;1.35087;-0.75724;0.0512616;0.998507;0.00562315
1600352653757;0.310692;1.34771;-0.755896;0.0526285;0.99848;0.00794142
1600352653789;0.310396;1.34376;-0.753072;0.0499785;0.998473;0.0204581
1600352653838;0.310132;1.34343;-0.750621;0.048256;0.998445;0.0240097
1600352653869;0.309173;1.34301;-0.748856;0.0492287;0.998446;0.0207637
1600352653898;0.308225;1.3424;-0.748113;0.0468119;0.998597;0.0198778
1600352653930;0.307084;1.34251;-0.747943;0.0422557;0.998803;0.0209747
1600352653962;0.305583;1.34269;-0.748335;0.0460417;0.998744;0.017409
1600352653994;0.304497;1.3418;-0.74876;0.0528704;0.998491;0.0141971
1600352654026;0.304334;1.34016;-0.748465;0.0531878;0.99845;0.0163457
1600352654058;0.305124;1.33885;-0.747522;0.0499497;0.998528;0.0210278
1600352654090;0.306094;1.33816;-0.747024;0.0482906;0.998544;0.023701
1600352654123;0.306942;1.33805;-0.746801;0.0488931;0.998507;0.0236264
1600352654155;0.307592;1.3378;-0.746759;0.0493663;0.998503;0.0221906
1600352654187;0.307689;1.33747;-0.747271;0.0502084;0.998498;0.0212941
1600352654235;0.307794;1.33702;-0.747374;0.0505273;0.998473;0.0220322
1600352654267;0.30705;1.33641;-0.747538;0.0504145;0.998478;0.0222572
1600352654302;0.305866;1.33635;-0.747744;0.051084;0.998424;0.0232169
1600352654333;0.3047;1.3365;-0.748006;0.0523208;0.998328;0.0233794
1600352654366;0.303314;1.33609;-0.748268;0.0523562;0.998333;0.0219001
1600352654396;0.301815;1.33549;-0.748213;0.0522042;0.998388;0.0185272
1600352654426;0.299362;1.33475;-0.74874;0.0563726;0.998154;0.0163776
1600352654458;0.29618;1.33303;-0.749977;0.0552289;0.998176;0.0145939
1600352654490;0.291833;1.33157;-0.751648;0.048583;0.998224;0.0182276
1600352654522;0.28868;1.33362;-0.753012;0.0468743;0.997797;0.0212405
1600352654557;0.286804;1.33562;-0.754116;0.0493769;0.997521;0.0133387
1600352654587;0.28493;1.33375;-0.75627;0.0559996;0.997036;0.00800236
1600352654633;0.28415;1.33184;-0.756965;0.0440318;0.997398;0.0157465
1600352654667;0.284544;1.33236;-0.756907;0.0307041;0.997556;0.0223578
1600352654698;0.285128;1.33501;-0.7568;0.0326657;0.997485;0.019679
1600352654730;0.285191;1.33628;-0.758151;0.0410726;0.99748;0.0102535
1600352654765;0.284198;1.33591;-0.760328;0.0395557;0.997406;0.00863367
1600352654794;0.282454;1.33528;-0.76107;0.0411419;0.996691;0.0111453
1600352654827;0.282563;1.33351;-0.760346;0.0469865;0.995839;0.0148001
1600352654858;0.284621;1.3315;-0.759209;0.041473;0.996533;0.0227184
1600352654890;0.285242;1.33211;-0.758017;0.0310477;0.997979;0.0235821
1600352654922;0.284071;1.33169;-0.757867;0.0273883;0.998654;0.0175943
1600352654954;0.282596;1.33014;-0.758407;0.032018;0.998469;0.017216
1600352654987;0.281002;1.32969;-0.759603;0.0439489;0.997631;0.0221534
1600352655034;0.28084;1.32979;-0.760936;0.0472331;0.997589;0.02027
1600352655067;0.280909;1.32877;-0.763271;0.0471793;0.997744;0.019154
1600352655098;0.281397;1.32851;-0.766243;0.0451635;0.997823;0.0237889
1600352655131;0.282805;1.32919;-0.768556;0.0472197;0.997746;0.0275956
1600352655162;0.286301;1.32884;-0.772629;0.0429356;0.998073;0.0292844
1600352655195;0.290053;1.3284;-0.776793;0.0320908;0.998972;0.0258607
1600352655226;0.292639;1.32771;-0.780399;0.0329248;0.999305;0.0174553
1600352655258;0.293838;1.3264;-0.783136;0.0370201;0.9992;0.0105789
1600352655293;0.29399;1.32312;-0.784343;0.0381747;0.999137;0.00842808
1600352655323;0.293154;1.31924;-0.783585;0.0352843;0.999187;0.0156774
1600352655356;0.290912;1.31678;-0.780752;0.0260056;0.999181;0.0299287
1600352655400;0.286971;1.32138;-0.775048;0.0242754;0.999017;0.0367557
1600352655446;0.284745;1.32692;-0.772018;0.0252694;0.99938;0.0238279
1600352655484;0.283725;1.32992;-0.771897;0.0202496;0.99965;0.0151042
1600352655505;0.2816;1.33406;-0.773123;0.00788002;0.999919;0.00651866
1600352655537;0.278037;1.33709;-0.775492;0.0105213;0.999943;-0.000938609
1600352655566;0.276611;1.33742;-0.778298;0.0261347;0.99947;-0.00122905
1600352655599;0.277855;1.33751;-0.77907;0.0319358;0.999064;0.00152634
1600352655630;0.282092;1.33619;-0.778813;0.0315781;0.999152;-0.00157546
1600352655664;0.286414;1.33428;-0.779082;0.0366456;0.999238;-0.0010681
1600352655694;0.290566;1.33203;-0.779464;0.0396338;0.999208;0.00285469
1600352655724;0.293318;1.33156;-0.780209;0.0341878;0.999336;0.00674354
1600352655753;0.295161;1.33302;-0.780187;0.0405059;0.999015;0.00815484
1600352655786;0.294533;1.33679;-0.780813;0.0537866;0.998383;-4.83692e-05
1600352655835;0.292652;1.33784;-0.780156;0.0559923;0.998371;-0.00511114
1600352655866;0.290482;1.33778;-0.779285;0.0621662;0.99806;-0.00239643
1600352655900;0.2897;1.33902;-0.777678;0.0678403;0.997637;0.00568493
1600352655931;0.290107;1.34176;-0.775652;0.0628479;0.998002;0.00378655
1600352655966;0.2888;1.34285;-0.77486;0.058366;0.99828;-0.00419162
1600352655994;0.285986;1.3438;-0.775217;0.0549737;0.998457;-0.00781941
1600352656027;0.283983;1.34566;-0.775829;0.0538264;0.998473;-0.00857773
1600352656058;0.281899;1.34642;-0.776023;0.0562159;0.998183;-0.0142994
1600352656090;0.280189;1.34573;-0.776405;0.0556698;0.997958;-0.0174196
1600352656122;0.280803;1.3456;-0.775672;0.0471791;0.998344;-0.0123986
1600352656154;0.281882;1.34798;-0.775412;0.0367815;0.99898;-0.0109959
1600352656187;0.281253;1.34837;-0.776358;0.0360323;0.999018;-0.0211447
1600352656234;0.280941;1.34821;-0.776608;0.037152;0.998797;-0.0220863
1600352656268;0.282082;1.34834;-0.777119;0.0356058;0.998855;-0.0205234
1600352656298;0.282177;1.3495;-0.778403;0.0346472;0.998936;-0.0234286
1600352656331;0.281744;1.34929;-0.780158;0.0320142;0.998918;-0.0275185
1600352656362;0.28172;1.3488;-0.782141;0.0305754;0.999017;-0.022698
1600352656396;0.282714;1.34998;-0.783801;0.0307927;0.999067;-0.0186511
1600352656428;0.285158;1.35192;-0.785848;0.031348;0.998938;-0.0268593
1600352656464;0.286951;1.35236;-0.787677;0.0346292;0.99877;-0.0312039
1600352656492;0.290264;1.35241;-0.788592;0.0404578;0.998657;-0.0283878
1600352656522;0.294185;1.3522;-0.789014;0.034914;0.99898;-0.0271115
1600352656554;0.297352;1.35067;-0.789132;0.025734;0.999327;-0.0259443
1600352656586;0.29897;1.34789;-0.788946;0.0194057;0.999652;-0.0145383
1600352656634;0.300563;1.34698;-0.788721;0.0159915;0.999815;-0.00480381
1600352656668;0.301896;1.34857;-0.788913;0.0114248;0.999838;8.64565e-05
1600352656698;0.303258;1.35132;-0.789527;0.00513604;0.999817;-0.00352228
1600352656730;0.30446;1.35276;-0.790397;-0.00118244;0.999738;-0.0107139
1600352656762;0.305722;1.35395;-0.791302;-0.000372112;0.999712;-0.0108751
1600352656795;0.307017;1.3554;-0.791913;-0.000350922;0.999746;-0.00895289
1600352656827;0.308299;1.35577;-0.792122;-0.00574622;0.999655;-0.0127417
1600352656858;0.30816;1.35385;-0.792371;-0.00276229;0.999593;-0.0131649
1600352656891;0.308108;1.35246;-0.792771;-0.00241789;0.999657;-0.00591269
1600352656924;0.30703;1.35168;-0.793025;-0.00585204;0.999658;-0.00423291
1600352656958;0.30598;1.35011;-0.793019;-0.00294223;0.999704;-0.00485057
1600352656987;0.304532;1.34818;-0.792546;-0.00051108;0.999824;0.00160891
1600352657034;0.303358;1.34701;-0.792141;0.00161675;0.999852;0.00420222
1600352657066;0.301699;1.34599;-0.791397;0.00671223;0.999852;0.00652803
1600352657101;0.299836;1.34468;-0.790848;0.0155199;0.999764;0.008843
1600352657130;0.297316;1.3436;-0.790356;0.0190275;0.999717;0.0107425
1600352657163;0.294255;1.34218;-0.789312;0.0205838;0.999689;0.0135599
1600352657194;0.291441;1.34017;-0.788163;0.0240203;0.999538;0.0184205
1600352657226;0.288923;1.33878;-0.78708;0.0220384;0.99949;0.0222321
1600352657258;0.286039;1.33808;-0.785721;0.0227838;0.999508;0.0202076
1600352657291;0.282924;1.33578;-0.784495;0.0286937;0.999333;0.0195103
1600352657324;0.280489;1.33368;-0.782973;0.0287;0.999163;0.0238714
1600352657354;0.278427;1.3333;-0.781839;0.025931;0.999187;0.0255921
1600352657387;0.273255;1.33403;-0.78154;0.0259453;0.999237;0.0203663
1600352657435;0.270286;1.3358;-0.78174;0.0248039;0.998967;0.0201236
1600352657469;0.269519;1.33844;-0.782413;0.0219169;0.998842;0.0188149
1600352657498;0.269744;1.3413;-0.783768;0.0180348;0.999058;0.0108925
1600352657532;0.270381;1.34296;-0.784809;0.0175911;0.999141;0.000381649
1600352657562;0.272014;1.3415;-0.78521;0.0178502;0.998937;-0.00124452
1600352657594;0.275502;1.34053;-0.784636;0.0193713;0.999029;0.00945896
1600352657626;0.278541;1.34161;-0.784445;0.0193947;0.999497;0.0144064
1600352657657;0.278577;1.34219;-0.785363;0.0173237;0.999787;0.00602672
1600352657690;0.277659;1.34007;-0.787259;0.0176518;0.999741;0.00524485
1600352657723;0.278345;1.33906;-0.788281;0.0157184;0.999545;0.0171224
1600352657754;0.279941;1.33932;-0.788565;0.0133371;0.999576;0.0192423
1600352657786;0.281913;1.33928;-0.790231;0.0131541;0.999724;0.0166982
1600352657836;0.283555;1.33974;-0.791039;0.00514469;0.999837;0.0164862
1600352657869;0.284419;1.34086;-0.792213;0.00602089;0.999862;0.0155172
1600352657899;0.285049;1.3426;-0.793554;0.0112145;0.999871;0.0115059
1600352657933;0.285202;1.34219;-0.794607;0.0118279;0.999895;0.00744714
1600352657964;0.286174;1.34268;-0.795305;0.0147829;0.99975;0.0161053
1600352658011;0.286399;1.34441;-0.795748;0.0125194;0.999829;0.0133911
1600352658031;0.286145;1.3446;-0.796932;0.0161321;0.999861;0.00355171
1600352658076;0.28607;1.34282;-0.797715;0.0207551;0.999766;0.00508991
1600352658098;0.286114;1.34156;-0.79761;0.0193247;0.999745;0.0111007
1600352658125;0.285991;1.34035;-0.797153;0.0196952;0.999691;0.014798
1600352658159;0.285692;1.3399;-0.796642;0.0215671;0.999646;0.0149458
1600352658191;0.285511;1.33779;-0.796028;0.0207274;0.999579;0.0195126
1600352658236;0.284639;1.33832;-0.795606;0.0207018;0.999507;0.0230451
1600352658269;0.283493;1.33949;-0.794951;0.021885;0.999565;0.0186965
1600352658298;0.282375;1.33824;-0.794127;0.0259439;0.999548;0.0119434
1600352658330;0.282101;1.33455;-0.792988;0.0258945;0.999473;0.0162944
1600352658363;0.282153;1.33284;-0.791556;0.0229096;0.999388;0.0255868
1600352658395;0.281602;1.33335;-0.790458;0.0192527;0.999491;0.0254136
1600352658426;0.279847;1.33215;-0.789075;0.0205163;0.999637;0.0174402
1600352658458;0.277956;1.32903;-0.788336;0.022741;0.99955;0.0192039
1600352658495;0.277157;1.32787;-0.787878;0.013817;0.999401;0.0311187
1600352658524;0.274611;1.33001;-0.787137;0.0112639;0.999463;0.0295323
1600352658558;0.272637;1.33081;-0.786252;0.0211494;0.999383;0.0212282
1600352658591;0.272472;1.3311;-0.785629;0.0170801;0.999287;0.023787
1600352658635;0.271777;1.33283;-0.78514;0.0122236;0.999447;0.0218463
1600352658668;0.270978;1.33382;-0.784158;0.0189501;0.999452;0.0130606
1600352658700;0.271346;1.3328;-0.782647;0.0261193;0.999283;0.0098436
1600352658730;0.271942;1.3323;-0.780071;0.0254534;0.999338;0.0132899
1600352658761;0.272103;1.33183;-0.777497;0.0256732;0.999466;0.0122983
1600352658795;0.271277;1.33051;-0.776734;0.026277;0.999496;0.0107937
1600352658826;0.269705;1.32937;-0.776682;0.0254645;0.999377;0.0146544
1600352658858;0.26788;1.3288;-0.776334;0.0249568;0.999227;0.0159205
1600352658892;0.266007;1.32902;-0.776322;0.0226345;0.99918;0.0158131
1600352658922;0.264395;1.33021;-0.776294;0.0197444;0.999079;0.0142228
1600352658955;0.263987;1.33096;-0.776159;0.0197646;0.998922;0.0120422
1600352658988;0.265269;1.33109;-0.775315;0.0223365;0.998992;0.00752005
1600352659036;0.26677;1.32909;-0.775106;0.0224542;0.999116;0.00535281
1600352659068;0.268568;1.32638;-0.774724;0.0246718;0.999125;0.0084222
1600352659098;0.270202;1.32419;-0.773978;0.0256407;0.999203;0.0104865
1600352659130;0.271494;1.32102;-0.772999;0.024317;0.999352;0.0106941
1600352659162;0.272565;1.31847;-0.7723;0.0248783;0.999342;0.0144305
1600352659195;0.273526;1.31632;-0.771806;0.0256113;0.999258;0.0194248
1600352659226;0.274002;1.31623;-0.771306;0.0289294;0.999179;0.0203595
1600352659258;0.274172;1.31657;-0.770814;0.0310625;0.999232;0.0154786
1600352659290;0.273252;1.31568;-0.770802;0.032451;0.999212;0.0121941
1600352659322;0.272319;1.31535;-0.770408;0.0329835;0.999088;0.0143455
1600352659354;0.271304;1.3159;-0.769884;0.0290978;0.999139;0.0147321
1600352659388;0.269944;1.31644;-0.769175;0.0275683;0.999181;0.0126433
1600352659435;0.269465;1.31636;-0.768898;0.0257833;0.999202;0.0125171
1600352659467;0.269051;1.31616;-0.768914;0.0226269;0.999262;0.011603
1600352659499;0.268498;1.31639;-0.769056;0.0218265;0.999299;0.00912766
1600352659532;0.268114;1.31527;-0.769592;0.0234213;0.99927;0.00818518
1600352659565;0.267752;1.31375;-0.769963;0.0232121;0.999217;0.0112838
1600352659596;0.267249;1.31307;-0.770528;0.0206908;0.999178;0.0156685
1600352659627;0.266514;1.31453;-0.770277;0.021823;0.999098;0.0158178
1600352659659;0.266656;1.31471;-0.7704;0.0235242;0.999056;0.013066
1600352659691;0.266733;1.31443;-0.770663;0.0225509;0.99912;0.0128351
1600352659722;0.266572;1.3141;-0.770907;0.0218492;0.999191;0.0127645
1600352659755;0.266212;1.31401;-0.771424;0.0223868;0.999178;0.0128865
1600352659786;0.265639;1.31461;-0.771919;0.0221236;0.999095;0.0130149
1600352659836;0.265377;1.3147;-0.772383;0.0209394;0.999058;0.0124301
1600352659867;0.265379;1.31522;-0.772722;0.0211512;0.999023;0.0132005
1600352659900;0.265503;1.31548;-0.772603;0.0216694;0.999036;0.0128395
1600352659931;0.265524;1.31518;-0.772735;0.0200492;0.99907;0.0124988
1600352659963;0.265849;1.31576;-0.77295;0.0198078;0.999018;0.0147687
1600352659998;0.266413;1.31519;-0.773032;0.0194075;0.998997;0.0160782
1600352660027;0.265911;1.31415;-0.773259;0.0160418;0.99897;0.0191861
1600352660061;0.265056;1.31391;-0.773534;0.0165552;0.998725;0.024148
1600352660092;0.264371;1.31421;-0.772954;0.0244778;0.998478;0.0246064
1600352660124;0.264266;1.31498;-0.771727;0.0466092;0.997827;0.0238642
1600352660156;0.265499;1.3155;-0.771037;0.0639738;0.997181;0.024268
1600352660188;0.264464;1.31203;-0.77282;0.0498764;0.997759;0.0292676
1600352660235;0.262691;1.31011;-0.773348;0.0337404;0.99778;0.0412669
1600352660268;0.26024;1.31064;-0.773715;0.0476473;0.996592;0.0512423
1600352660300;0.260711;1.31145;-0.773091;0.0559658;0.996067;0.0478897
1600352660331;0.261206;1.31231;-0.772734;0.040493;0.997549;0.0321425
1600352660363;0.259995;1.31305;-0.772905;0.0352929;0.998121;0.0225079
1600352660395;0.258306;1.31293;-0.774584;0.048066;0.997116;0.0307327
1600352660426;0.256804;1.31026;-0.777103;0.0582769;0.995242;0.0507673
1600352660458;0.256313;1.30854;-0.777607;0.0554543;0.99367;0.068406
1600352660492;0.256044;1.3084;-0.777968;0.0397032;0.99385;0.0717666
1600352660523;0.255575;1.30857;-0.778241;0.0323842;0.994573;0.0694593
1600352660554;0.25369;1.30946;-0.778389;0.040161;0.99444;0.0706859
1600352660586;0.251746;1.3089;-0.778405;0.043345;0.993619;0.0722068
1600352660643;0.251356;1.30796;-0.778644;0.0444789;0.992876;0.0764324
1600352660689;0.251341;1.308;-0.778215;0.0429451;0.992826;0.0791586
1600352660712;0.251726;1.30871;-0.777961;0.0399654;0.993252;0.0787157
1600352660736;0.251812;1.30925;-0.777507;0.0349048;0.994191;0.0740719
1600352660766;0.25052;1.30907;-0.777504;0.0349669;0.994816;0.0666362
1600352660795;0.248506;1.30791;-0.778151;0.0422616;0.994268;0.0654518
1600352660827;0.247392;1.30671;-0.778643;0.04495;0.993137;0.0740248
1600352660861;0.247288;1.30717;-0.779135;0.0376831;0.993148;0.0788027
1600352660893;0.24585;1.30805;-0.779594;0.0353799;0.993447;0.076528
1600352660922;0.244209;1.30911;-0.779892;0.0423914;0.993081;0.0736611
1600352660954;0.24368;1.30898;-0.780395;0.0416119;0.992891;0.0718807
1600352660986;0.241984;1.31086;-0.78137;0.0111863;0.993605;0.0647345
1600352661034;0.240889;1.31179;-0.782086;0.0129991;0.993266;0.0637
1600352661066;0.24096;1.31172;-0.782917;0.0198532;0.992968;0.0661114
1600352661099;0.241975;1.31124;-0.783007;0.0169599;0.993418;0.0657955
1600352661134;0.24387;1.30993;-0.782454;0.00378019;0.994516;0.0616734
1600352661163;0.243576;1.3095;-0.782872;-0.0142053;0.995456;0.0574396
1600352661196;0.243449;1.31017;-0.784007;0.00514925;0.995242;0.0615464
1600352661226;0.245216;1.30967;-0.785508;0.0139082;0.994915;0.0634775
1600352661258;0.2474;1.31192;-0.785702;-0.00417377;0.995172;0.0656486
1600352661291;0.249654;1.31576;-0.785727;-0.00550048;0.996184;0.0624577
1600352661322;0.250127;1.31577;-0.787652;-0.00208017;0.996941;0.0600499
1600352661355;0.248042;1.31587;-0.789903;-0.00327264;0.996662;0.0680599
1600352661386;0.235746;1.32039;-0.793689;0.0635989;0.993523;0.0825535
1600352661434;0.233126;1.32036;-0.794115;0.0809545;0.990515;0.0874557
1600352661466;0.237417;1.32488;-0.791615;0.0451596;0.992667;0.0759139
1600352661499;0.243627;1.32575;-0.791101;0.0182038;0.995896;0.0586576
1600352661531;0.243514;1.32437;-0.792905;-0.00868492;0.996084;0.0651426
1600352661563;0.241086;1.32343;-0.794242;-0.0132726;0.994521;0.0806628
1600352661593;0.238626;1.32331;-0.795192;0.00509213;0.993557;0.086026
1600352661627;0.23948;1.32259;-0.795962;0.0137076;0.99309;0.0851291
1600352661662;0.240764;1.32257;-0.796622;0.000846952;0.993484;0.0848132
1600352661691;0.242472;1.32457;-0.796423;-0.0132676;0.994025;0.0813033
1600352661723;0.241931;1.32959;-0.796338;-0.0154741;0.994689;0.0693465
1600352661756;0.241775;1.33341;-0.797134;-0.0170023;0.994543;0.0521425
1600352661787;0.243549;1.33471;-0.797243;-0.0210765;0.993635;0.0558723
1600352661835;0.244472;1.33832;-0.797599;-0.0140392;0.99289;0.0870005
1600352661867;0.243769;1.34444;-0.796313;-0.0135869;0.991875;0.102625
1600352661898;0.243764;1.35123;-0.794799;-0.0182992;0.991723;0.103992
1600352661930;0.243411;1.35961;-0.792847;-0.016007;0.991628;0.108098
1600352661965;0.242979;1.369;-0.790216;-0.00817157;0.991977;0.108021
1600352661995;0.24266;1.38052;-0.788735;-0.00544296;0.993373;0.0942723
1600352662026;0.244409;1.39262;-0.787853;-0.00199696;0.994816;0.0787915
1600352662058;0.246608;1.40667;-0.787264;0.00404653;0.995684;0.0748896
1600352662093;0.248924;1.42346;-0.786045;0.00596994;0.996132;0.0756741
1600352662125;0.251405;1.44247;-0.784726;0.00192502;0.996492;0.0727771
1600352662159;0.253605;1.45798;-0.783935;5.81741e-05;0.99655;0.0743056
1600352662187;0.256761;1.48267;-0.781931;-0.000632972;0.99578;0.0885938
1600352662234;0.258505;1.49732;-0.779692;0.00252242;0.995351;0.0945319
1600352662265;0.260817;1.51093;-0.777955;0.00376888;0.995004;0.0984918
1600352662298;0.262817;1.52427;-0.77631;0.00137046;0.994974;0.0986778
1600352662331;0.264095;1.53594;-0.775074;0.00631483;0.995154;0.096114
1600352662362;0.265838;1.55037;-0.773744;0.0119704;0.995244;0.0943504
1600352662395;0.266572;1.56562;-0.771653;0.0132093;0.995662;0.0897895
1600352662427;0.266346;1.57953;-0.770344;0.0168951;0.995898;0.086888
1600352662460;0.266194;1.59307;-0.769868;0.0162227;0.996012;0.0856903
1600352662491;0.266424;1.60568;-0.768534;0.015618;0.996683;0.0776539
1600352662522;0.267812;1.61702;-0.767322;0.0130443;0.997331;0.070141
1600352662555;0.26807;1.62945;-0.766235;0.0088696;0.997424;0.070226
1600352662586;0.268131;1.64815;-0.765335;-0.00258474;0.997732;0.0666808
1600352662634;0.268464;1.66091;-0.766331;-0.00854295;0.997794;0.0650693
1600352662668;0.268936;1.67321;-0.766461;-0.00754112;0.997924;0.0635672
1600352662699;0.269816;1.68628;-0.766887;-0.0101177;0.99813;0.0602069
1600352662731;0.270589;1.69673;-0.767554;-0.0148404;0.998238;0.057309
1600352662762;0.270618;1.70605;-0.768976;-0.0131756;0.99841;0.0542967
1600352662795;0.271458;1.71581;-0.770801;-0.0127559;0.998821;0.0454165
1600352662826;0.273303;1.7264;-0.772562;-0.0142174;0.999309;0.0326285
1600352662858;0.273762;1.73414;-0.774043;-0.0127819;0.999601;0.0242402
1600352662890;0.273268;1.74292;-0.776583;-0.0121446;0.999695;0.0191671
1600352662921;0.273472;1.752;-0.778233;-0.0119939;0.99977;0.0113333
1600352662954;0.273852;1.76147;-0.778804;-0.00501773;0.999961;-0.00258087
1600352662987;0.27123;1.772;-0.781729;-0.0106491;0.999827;-0.00828782
1600352663035;0.271159;1.77767;-0.783798;-0.0129194;0.999523;-0.00619183
1600352663067;0.269717;1.7827;-0.787239;-0.0112441;0.999538;-0.00391482
1600352663099;0.269264;1.78799;-0.789517;-0.00899796;0.999641;-0.00379819
1600352663131;0.267938;1.79241;-0.791735;-0.0062445;0.999759;-0.00509679
1600352663164;0.267145;1.79575;-0.794307;-0.00682884;0.999731;-0.00605588
1600352663208;0.266218;1.79774;-0.796615;-0.00685792;0.999729;-0.00434776
1600352663235;0.265399;1.79966;-0.798952;-0.00628947;0.999745;-0.00227207
1600352663282;0.264855;1.8;-0.799676;-0.00572097;0.999772;-0.00405164
1600352663311;0.263508;1.79981;-0.799888;-0.00387667;0.999791;-0.00628845
1600352663338;0.262319;1.8;-0.799968;-0.00368015;0.99974;-0.00830391
1600352663362;0.26109;1.80064;-0.800306;-0.00526486;0.999619;-0.0107795
1600352663390;0.259498;1.80192;-0.800451;-0.00777741;0.999557;-0.013403
1600352663437;0.258459;1.80235;-0.800801;-0.0107188;0.999631;-0.0127155
1600352663471;0.257224;1.8022;-0.800514;-0.0143968;0.999585;-0.0132002
1600352663504;0.256275;1.80201;-0.800502;-0.0173492;0.999509;-0.0141997
1600352663531;0.255584;1.80201;-0.801254;-0.017295;0.999525;-0.0130942
1600352663561;0.254963;1.80285;-0.801527;-0.0163939;0.999553;-0.0119847
1600352663594;0.254883;1.8034;-0.801961;-0.0171133;0.999516;-0.0136923
1600352663626;0.255155;1.80237;-0.802693;-0.0176575;0.999547;-0.014291
1600352663659;0.255347;1.80173;-0.803352;-0.0177671;0.999642;-0.0118795
1600352663692;0.254869;1.80117;-0.803714;-0.0179183;0.999669;-0.00956653
1600352663724;0.254252;1.80049;-0.803663;-0.0169061;0.999629;-0.0103309
1600352663756;0.253608;1.79981;-0.804476;-0.015603;0.999539;-0.0133902
1600352663789;0.254045;1.79923;-0.80548;-0.0174808;0.999537;-0.0152758
1600352663834;0.253671;1.7983;-0.805308;-0.0173458;0.999694;-0.0106183
1600352663869;0.252753;1.79801;-0.80501;-0.0175655;0.999698;-0.00755867
1600352663898;0.251935;1.79776;-0.80507;-0.0201679;0.999553;-0.00915225
1600352663930;0.251273;1.79679;-0.804311;-0.0201035;0.999523;-0.0114885
1600352663962;0.25035;1.79613;-0.803256;-0.0184838;0.999588;-0.0124666
1600352663994;0.2494;1.79523;-0.802389;-0.0191858;0.999565;-0.0133339
1600352664026;0.248239;1.79501;-0.802237;-0.0196012;0.999479;-0.0146475
1600352664059;0.247893;1.79547;-0.801643;-0.0199881;0.999398;-0.0165032
1600352664091;0.247718;1.79501;-0.801566;-0.0207282;0.999416;-0.0163365
1600352664122;0.247452;1.79465;-0.802008;-0.0209477;0.999433;-0.0155094
1600352664155;0.247451;1.79474;-0.802678;-0.0225655;0.999368;-0.0166274
1600352664186;0.246953;1.79542;-0.803463;-0.025125;0.999379;-0.0183843
1600352664239;0.246034;1.7965;-0.803215;-0.0246018;0.999423;-0.0187362
1600352664270;0.245826;1.79739;-0.803175;-0.0247565;0.999379;-0.0202779
1600352664299;0.246006;1.79744;-0.802992;-0.0252124;0.999307;-0.0220771
1600352664331;0.245788;1.7979;-0.80269;-0.0246428;0.999294;-0.022826
1600352664363;0.245205;1.79875;-0.802606;-0.0250314;0.999256;-0.0232981
1600352664395;0.244956;1.7997;-0.802642;-0.0258172;0.99919;-0.0238324
1600352664427;0.24501;1.79967;-0.802382;-0.0268569;0.999142;-0.0241168
1600352664459;0.245175;1.79994;-0.802189;-0.0284511;0.99913;-0.0237424
1600352664490;0.245792;1.79923;-0.801747;-0.0294181;0.999166;-0.022879
1600352664523;0.246207;1.79831;-0.801072;-0.0285402;0.99927;-0.020976
1600352664554;0.246107;1.79706;-0.800255;-0.0261201;0.999353;-0.0199296
1600352664586;0.247549;1.79681;-0.799189;-0.0246455;0.999246;-0.0243561
1600352664634;0.247939;1.79594;-0.799155;-0.0232069;0.999232;-0.0261166
1600352664666;0.248071;1.79541;-0.799116;-0.0211696;0.999296;-0.0252739
1600352664698;0.249046;1.79562;-0.799073;-0.0225841;0.999316;-0.0235335
1600352664731;0.249473;1.79555;-0.798805;-0.0240166;0.999332;-0.0224805
1600352664764;0.249753;1.79535;-0.798244;-0.0234156;0.999363;-0.0225626
1600352664795;0.24986;1.79504;-0.797591;-0.0232704;0.999362;-0.0231472
1600352664827;0.249736;1.79412;-0.797552;-0.0238559;0.99933;-0.0236005
1600352664859;0.249872;1.79352;-0.797057;-0.0229474;0.999315;-0.0240874
1600352664889;0.250381;1.79355;-0.796209;-0.021843;0.99932;-0.0249827
1600352664922;0.250158;1.79426;-0.795569;-0.0215053;0.999289;-0.0269032
1600352664954;0.25005;1.79362;-0.795186;-0.022197;0.99919;-0.0294725
1600352665002;0.249587;1.79362;-0.795569;-0.0234177;0.99917;-0.0295089
1600352665034;0.249729;1.79439;-0.795858;-0.0252866;0.999135;-0.0295742
1600352665066;0.249476;1.79469;-0.795542;-0.0265235;0.99914;-0.0293318
1600352665098;0.249093;1.79486;-0.795007;-0.0265752;0.999185;-0.0287405
1600352665131;0.248071;1.79531;-0.794475;-0.0271256;0.999166;-0.0286814
1600352665163;0.247539;1.79569;-0.793991;-0.0272685;0.999127;-0.0288443
1600352665194;0.247022;1.79619;-0.793191;-0.0271128;0.999099;-0.0292509
1600352665227;0.246568;1.79597;-0.792704;-0.02788;0.999075;-0.0298003
1600352665260;0.245691;1.79586;-0.792489;-0.0287225;0.999077;-0.029644
1600352665295;0.245385;1.79618;-0.791733;-0.0291939;0.999088;-0.0290171
1600352665324;0.24484;1.79651;-0.791105;-0.0290923;0.999103;-0.0286119
1600352665355;0.244283;1.79702;-0.79013;-0.0297763;0.99901;-0.0306396
1600352665402;0.243858;1.79652;-0.789506;-0.0308575;0.998959;-0.0314816
1600352665434;0.243018;1.79595;-0.78934;-0.0312527;0.998972;-0.0309628
1600352665468;0.242633;1.79605;-0.789289;-0.0319605;0.998973;-0.0302187
1600352665500;0.242302;1.79653;-0.788533;-0.0336039;0.998957;-0.0294033
1600352665532;0.241701;1.79708;-0.788179;-0.0343804;0.998952;-0.0289771
1600352665563;0.240833;1.79781;-0.787392;-0.0342967;0.998924;-0.029691
1600352665595;0.240045;1.79771;-0.786554;-0.034891;0.998839;-0.0313361
1600352665628;0.239461;1.79761;-0.785847;-0.034739;0.998767;-0.0331819
1600352665660;0.239232;1.79759;-0.785532;-0.034692;0.998702;-0.0349236
1600352665692;0.239689;1.79745;-0.78528;-0.0352218;0.998693;-0.035084
1600352665722;0.239939;1.79762;-0.784854;-0.0350799;0.998758;-0.0336817
1600352665755;0.239547;1.79736;-0.784123;-0.034113;0.998836;-0.0321487
1600352665805;0.239282;1.79733;-0.783255;-0.0344065;0.998805;-0.0328754
1600352665840;0.238608;1.79725;-0.782402;-0.0346938;0.998773;-0.0335603
1600352665890;0.23812;1.79687;-0.782177;-0.035569;0.998759;-0.0329323
1600352665910;0.237899;1.79727;-0.781502;-0.0366987;0.998734;-0.0322431
1600352665935;0.238095;1.79733;-0.780971;-0.0371263;0.998748;-0.0315412
1600352665967;0.2384;1.79746;-0.779927;-0.0377342;0.998751;-0.0313455
1600352665998;0.238436;1.79662;-0.779104;-0.0379504;0.99872;-0.0320011
1600352666028;0.238239;1.79601;-0.778453;-0.0369762;0.998697;-0.0329925
1600352666060;0.239036;1.79561;-0.777618;-0.0363329;0.9987;-0.0335856
1600352666093;0.239551;1.79536;-0.776578;-0.0359631;0.998754;-0.0332369
1600352666122;0.240092;1.79423;-0.775604;-0.0349923;0.998809;-0.0327722
1600352666154;0.240505;1.79382;-0.774433;-0.0325979;0.998816;-0.0332898
1600352666204;0.240554;1.79335;-0.77408;-0.0324748;0.998711;-0.0357725
1600352666235;0.240472;1.79309;-0.77379;-0.0318012;0.998674;-0.0379302
1600352666266;0.24097;1.79208;-0.772945;-0.0316955;0.998739;-0.0371683
1600352666299;0.241382;1.79134;-0.771974;-0.0322319;0.998832;-0.0346131
1600352666334;0.241642;1.7905;-0.770864;-0.0326234;0.998899;-0.0320939
1600352666366;0.241631;1.78985;-0.769793;-0.0328095;0.998905;-0.031256
1600352666397;0.241981;1.78904;-0.768869;-0.0321403;0.998895;-0.0318252
1600352666428;0.242368;1.78836;-0.76793;-0.0314662;0.99889;-0.0328112
1600352666458;0.242239;1.78741;-0.767239;-0.0298334;0.998919;-0.0335096
1600352666491;0.241856;1.78685;-0.766515;-0.0287447;0.998873;-0.0350644
1600352666526;0.241616;1.78681;-0.76602;-0.0291171;0.998779;-0.0366752
1600352666554;0.24159;1.78692;-0.765993;-0.0293439;0.998735;-0.0375309
1600352666586;0.241974;1.78652;-0.764917;-0.028876;0.998795;-0.0372722
1600352666635;0.241705;1.78574;-0.764544;-0.0284562;0.998851;-0.0363794
1600352666666;0.241665;1.78532;-0.764295;-0.0281904;0.998837;-0.0365538
1600352666699;0.241798;1.78503;-0.763789;-0.0280026;0.998782;-0.0377583
1600352666730;0.242383;1.78495;-0.762954;-0.028577;0.998726;-0.0386568
1600352666763;0.24274;1.78468;-0.761702;-0.0289487;0.998703;-0.0391747
1600352666794;0.242935;1.78426;-0.76203;-0.0296352;0.998679;-0.0394656
1600352666826;0.243364;1.78426;-0.762477;-0.0315156;0.998625;-0.0395947
1600352666861;0.244347;1.78347;-0.762303;-0.0326908;0.998613;-0.0396886
1600352666894;0.245358;1.7818;-0.761762;-0.0324944;0.998639;-0.0398033
1600352666922;0.246351;1.77998;-0.761114;-0.0302105;0.998703;-0.0401926
1600352666955;0.247304;1.77833;-0.760386;-0.0273781;0.998754;-0.0409174
1600352666986;0.248765;1.77669;-0.759656;-0.0239029;0.998829;-0.0413144
1600352667035;0.249334;1.77639;-0.759279;-0.0226884;0.998853;-0.0413539
1600352667070;0.249275;1.77737;-0.758995;-0.0232082;0.998816;-0.0417141
1600352667098;0.249461;1.77707;-0.758516;-0.0242475;0.998753;-0.0423375
1600352667132;0.24931;1.77767;-0.757961;-0.0249725;0.998735;-0.0423192
1600352667162;0.249473;1.77707;-0.757823;-0.0265076;0.99872;-0.0419208
1600352667195;0.249627;1.77642;-0.757696;-0.0275162;0.998707;-0.0417902
1600352667226;0.249683;1.77565;-0.757563;-0.0283447;0.99866;-0.04247
1600352667259;0.24997;1.77568;-0.757614;-0.0293615;0.998604;-0.04318
1600352667290;0.250524;1.7752;-0.758134;-0.0291583;0.998584;-0.0438462
1600352667322;0.251129;1.77489;-0.758225;-0.0281162;0.998583;-0.044587
1600352667356;0.252139;1.77386;-0.758359;-0.0283981;0.998573;-0.0446865
1600352667388;0.253063;1.77054;-0.75867;-0.02974;0.99855;-0.0442926
1600352667435;0.25338;1.7682;-0.758729;-0.0292529;0.998584;-0.0438376
1600352667467;0.254149;1.76496;-0.758688;-0.0284999;0.998652;-0.0430341
1600352667498;0.254839;1.76096;-0.75822;-0.0281572;0.99871;-0.0421678
1600352667530;0.255555;1.75582;-0.757729;-0.0294291;0.998728;-0.0409146
1600352667563;0.256725;1.74827;-0.757789;-0.0381487;0.99852;-0.0387261
1600352667595;0.258102;1.73691;-0.758332;-0.0551063;0.99791;-0.0335994
1600352667628;0.259262;1.72103;-0.75913;-0.0670695;0.997495;-0.022394
1600352667658;0.26151;1.70434;-0.759626;-0.0670881;0.99772;-0.00649002
1600352667691;0.263988;1.68707;-0.757963;-0.0570612;0.998245;0.0051789
1600352667723;0.265332;1.66909;-0.756025;-0.0488188;0.998418;0.00753054
1600352667755;0.267195;1.63839;-0.756081;-0.0439738;0.998493;0.000567526
1600352667803;0.268827;1.61581;-0.755212;-0.0403425;0.998582;-0.0013237
1600352667835;0.270116;1.59242;-0.754351;-0.0383383;0.998514;-0.000496238
1600352667867;0.271474;1.56464;-0.753739;-0.0380777;0.998435;0.00154147
1600352667903;0.271945;1.53858;-0.753548;-0.0354747;0.998438;0.00578281
1600352667935;0.272367;1.51522;-0.75339;-0.0338044;0.998383;0.00977129
1600352667963;0.272427;1.48855;-0.753255;-0.036027;0.99835;0.0057722
1600352667994;0.272076;1.4592;-0.752407;-0.0320773;0.998464;-0.00602093
1600352668026;0.272403;1.43017;-0.752112;-0.0282547;0.998388;-0.00565138
1600352668058;0.271621;1.401;-0.752947;-0.0333894;0.998024;0.0119011
1600352668090;0.270043;1.37093;-0.754414;-0.0382591;0.997697;0.0287123
1600352668123;0.269358;1.34085;-0.756267;-0.0328553;0.997548;0.0431643
1600352668155;0.267768;1.30083;-0.761627;-0.0217902;0.995912;0.076796
1600352668203;0.265472;1.27302;-0.766066;-0.0104112;0.994219;0.0996457
1600352668233;0.262991;1.24764;-0.771463;0.0109324;0.992516;0.115716
1600352668267;0.261785;1.22578;-0.777851;0.0304044;0.990295;0.129104
1600352668298;0.260445;1.20854;-0.784124;0.0477156;0.986873;0.145994
1600352668331;0.258896;1.20031;-0.78968;0.0620064;0.983766;0.15852
1600352668363;0.259848;1.19768;-0.794488;0.0650653;0.982142;0.166898
1600352668394;0.259803;1.20188;-0.797915;0.0587922;0.981594;0.172921
1600352668428;0.26097;1.21231;-0.797537;0.0522497;0.983576;0.163365
1600352668470;0.263464;1.22368;-0.794661;0.0455176;0.98751;0.1403
1600352668507;0.264712;1.23333;-0.792179;0.0376851;0.990862;0.11831
1600352668537;0.265976;1.24027;-0.790069;0.0356545;0.992395;0.105794
1600352668561;0.270956;1.25442;-0.784797;0.0311268;0.993292;0.0972067
1600352668607;0.272961;1.26667;-0.78217;0.0247376;0.993055;0.100739
1600352668638;0.274026;1.2846;-0.778449;0.0258136;0.992357;0.104971
1600352668672;0.276025;1.30526;-0.772635;0.0299455;0.992086;0.102543
1600352668704;0.27889;1.32958;-0.766656;0.0305578;0.99281;0.0913949
1600352668734;0.281431;1.35557;-0.762039;0.0254351;0.994213;0.0749052
1600352668765;0.283699;1.37977;-0.758503;0.0248759;0.994779;0.0632409
1600352668793;0.286304;1.40976;-0.754927;0.0289183;0.994748;0.0514947
1600352668826;0.287554;1.44028;-0.752734;0.0330457;0.995145;0.0326069
1600352668858;0.289296;1.47322;-0.751651;0.0350286;0.995359;0.0150898
1600352668890;0.28971;1.50451;-0.752206;0.0233835;0.995679;0.0011712
1600352668922;0.290152;1.53493;-0.753951;0.0155556;0.995763;-0.0157683
1600352668955;0.289452;1.57823;-0.758182;0.0117789;0.995547;-0.0327209
1600352669004;0.289181;1.60738;-0.761605;0.00697157;0.995301;-0.0446488
1600352669038;0.288388;1.63147;-0.765356;-0.000359297;0.994945;-0.0557687
1600352669067;0.287364;1.65512;-0.77018;-0.0122748;0.994604;-0.0633839
1600352669098;0.287147;1.67724;-0.774305;-0.0190378;0.994273;-0.0662771
1600352669131;0.286768;1.69595;-0.77842;-0.0203538;0.994242;-0.062542
1600352669162;0.28473;1.71663;-0.784076;-0.0253285;0.994795;-0.0561187
1600352669196;0.282463;1.73353;-0.790155;-0.0322584;0.995322;-0.0567697
1600352669226;0.28165;1.74798;-0.796372;-0.0369595;0.995526;-0.0564021
1600352669257;0.28107;1.76114;-0.801474;-0.032143;0.995788;-0.0488872
1600352669290;0.279123;1.7727;-0.805448;-0.0208103;0.996253;-0.0405667
1600352669322;0.275701;1.7823;-0.809935;-0.0147345;0.99691;-0.0379618
1600352669355;0.273089;1.79175;-0.814772;-0.0105771;0.997088;-0.0390394
1600352669403;0.272112;1.79335;-0.81602;0.000191927;0.99614;-0.0333274
1600352669435;0.271766;1.79487;-0.816783;-0.00452352;0.995097;-0.0212181
1600352669468;0.269442;1.79434;-0.816757;-0.0236813;0.994872;-0.0115087
1600352669503;0.267268;1.79114;-0.815568;-0.0310875;0.99574;-0.0109736
1600352669531;0.266575;1.7869;-0.813863;-0.0309095;0.996709;-0.0156814
1600352669564;0.266881;1.7817;-0.811562;-0.0254624;0.996887;-0.0221725
1600352669594;0.267734;1.77577;-0.808446;-0.0178628;0.996404;-0.0268164
1600352669627;0.266922;1.77011;-0.805032;-0.0107336;0.996102;-0.0265523
1600352669658;0.266118;1.76577;-0.801547;-0.00578332;0.996548;-0.0251749
1600352669690;0.265641;1.76215;-0.798155;-0.00781304;0.997237;-0.0245202
1600352669723;0.264481;1.75813;-0.795442;-0.0155558;0.997516;-0.0226913
1600352669754;0.263698;1.74875;-0.792483;-0.0310867;0.99727;-0.0142176
1600352669804;0.265183;1.74214;-0.789439;-0.0324785;0.996657;-0.00701615
1600352669835;0.267344;1.7362;-0.785731;-0.0325253;0.995641;-0.00318509
1600352669865;0.26827;1.73042;-0.780639;-0.0308649;0.99511;-0.000528097
1600352669898;0.268166;1.72577;-0.775057;-0.0246716;0.995884;0.000673562
1600352669931;0.266883;1.72339;-0.769794;-0.02224;0.99726;-0.000296056
1600352669963;0.263762;1.72318;-0.764858;-0.0261238;0.998544;-0.00699338
1600352669996;0.259332;1.72379;-0.761232;-0.0314541;0.99907;-0.0166591
1600352670029;0.253906;1.72345;-0.759571;-0.0441437;0.998742;-0.0215648
1600352670058;0.247436;1.72076;-0.759029;-0.0604986;0.997937;-0.0214897
1600352670092;0.239755;1.71588;-0.758537;-0.0690228;0.997403;-0.0195531
1600352670122;0.228852;1.70869;-0.758348;-0.070574;0.996742;-0.0282781
1600352670155;0.208578;1.68392;-0.76345;-0.0728075;0.989918;-0.0751958
1600352670202;0.199745;1.66212;-0.765616;-0.0695437;0.984983;-0.0964053
1600352670234;0.194896;1.63637;-0.762893;-0.0694319;0.988479;-0.0828666
1600352670266;0.186617;1.60778;-0.760866;-0.0944596;0.992321;-0.0477329
1600352670298;0.174681;1.57813;-0.760158;-0.104235;0.99267;-0.024395
1600352670331;0.165506;1.55034;-0.757147;-0.0990953;0.991677;-0.020647
1600352670363;0.160788;1.52443;-0.752443;-0.107916;0.989349;-0.0192837
1600352670393;0.158607;1.49456;-0.746955;-0.116893;0.98813;-0.00577012
1600352670426;0.155211;1.46811;-0.742287;-0.115778;0.987451;0.00297458
1600352670462;0.151813;1.44677;-0.740241;-0.10225;0.986285;-0.00245623
1600352670490;0.150512;1.42645;-0.740696;-0.0855802;0.983934;0.00409436
1600352670524;0.152156;1.41065;-0.74488;-0.0728764;0.981319;0.0300267
1600352670554;0.156138;1.3964;-0.751841;-0.0653414;0.979798;0.0678307
1600352670602;0.156086;1.39413;-0.754935;-0.0626362;0.98075;0.0655169
1600352670634;0.155547;1.39572;-0.758452;-0.0567235;0.981672;0.0354942
1600352670666;0.155587;1.39826;-0.761742;-0.0530087;0.981855;-0.00236064
1600352670699;0.154738;1.39945;-0.763278;-0.0497357;0.98226;-0.031782
1600352670731;0.154441;1.39974;-0.764491;-0.0414903;0.982692;-0.0504341
1600352670763;0.154354;1.39778;-0.763606;-0.0406332;0.984434;-0.0486561
1600352670795;0.153455;1.39724;-0.761345;-0.0515419;0.98641;-0.0293045
1600352670827;0.150666;1.39627;-0.760367;-0.0493977;0.985688;-0.0166591
1600352670859;0.14923;1.39307;-0.761154;-0.0428799;0.983648;-0.010395
1600352670894;0.147506;1.39119;-0.762449;-0.0435432;0.983142;0.0021085
1600352670923;0.145847;1.39125;-0.762621;-0.0438325;0.983654;0.0135664
1600352670955;0.143132;1.39068;-0.764208;-0.0335551;0.982673;0.0165284
1600352671002;0.142999;1.38948;-0.765088;-0.0295418;0.980805;0.0119714
1600352671034;0.142947;1.38975;-0.76262;-0.0348479;0.982401;-0.00170276
1600352671094;0.141272;1.38881;-0.762423;-0.0277057;0.982312;-0.0082169
1600352671123;0.14126;1.38676;-0.762554;-0.00741324;0.98068;-0.0161025
1600352671150;0.142884;1.38449;-0.763221;-0.00386126;0.980496;-0.0167899
1600352671174;0.144048;1.38092;-0.764805;-0.00591125;0.982261;-0.00691423
1600352671198;0.146228;1.37735;-0.764845;-0.00969324;0.985332;0.00852224
1600352671229;0.147722;1.37476;-0.76418;-0.0147319;0.988706;0.0277903
1600352671261;0.147497;1.37439;-0.764262;-0.0212434;0.989703;0.0432191
1600352671292;0.145592;1.37607;-0.764008;-0.00622131;0.989895;0.0412942
1600352671327;0.146811;1.37547;-0.76291;0.0108586;0.990847;0.0329223
1600352671357;0.14794;1.37178;-0.763581;0.00180034;0.991248;0.0378422
1600352671402;0.14866;1.36925;-0.763932;0.00123645;0.991036;0.0507628
1600352671434;0.150527;1.36651;-0.764111;-0.0038227;0.991313;0.0602415
1600352671467;0.150942;1.36391;-0.765783;-0.0248629;0.991211;0.0621628
1600352671498;0.150254;1.3632;-0.767905;-0.033368;0.99036;0.0642152
1600352671531;0.151446;1.3649;-0.766868;-0.0218958;0.99095;0.0601034
1600352671565;0.153361;1.36537;-0.766654;-0.0111755;0.992624;0.0476039
1600352671597;0.154713;1.364;-0.767308;-0.00433235;0.99337;0.0402298
1600352671629;0.15542;1.36213;-0.767452;-0.00200965;0.992919;0.0427811
1600352671678;0.156291;1.36068;-0.767509;-0.000444368;0.992694;0.0440956
1600352671693;0.156562;1.35777;-0.768084;0.00021179;0.992997;0.0448398
1600352671724;0.155494;1.3551;-0.769485;-0.00372687;0.992731;0.047614
1600352671755;0.153553;1.35338;-0.77199;-0.000702173;0.990235;0.0586635
1600352671802;0.153032;1.3532;-0.772843;0.0036519;0.988268;0.0626485
1600352671834;0.154687;1.35147;-0.772836;0.00275882;0.987412;0.0626892
1600352671866;0.156684;1.35168;-0.773653;0.00518332;0.986886;0.0642065
1600352671898;0.159726;1.3536;-0.774128;0.0168663;0.985777;0.0660725
1600352671930;0.166595;1.35574;-0.773701;0.0125304;0.984202;0.0631733
1600352671963;0.176658;1.35738;-0.773689;-0.0115712;0.981228;0.0588256
1600352671994;0.190078;1.35973;-0.772629;-0.0120847;0.978654;0.0634559
1600352672026;0.206782;1.36524;-0.770962;0.0113093;0.978272;0.0709236
1600352672058;0.226934;1.37048;-0.768792;0.0151657;0.978484;0.0661716
1600352672092;0.250339;1.37517;-0.766124;0.0142292;0.98089;0.0615279
1600352672126;0.27237;1.37948;-0.763875;0.00857112;0.984833;0.0579514
1600352672154;0.310083;1.38325;-0.761824;-0.027922;0.988606;0.0471235
1600352672202;0.335191;1.38729;-0.759773;-0.0427404;0.989469;0.0476434
1600352672234;0.360244;1.39186;-0.75832;-0.0247539;0.992471;0.0517066
1600352672266;0.386334;1.39413;-0.757136;-0.016001;0.995114;0.0542634
1600352672298;0.412732;1.3968;-0.755945;-0.0338243;0.995832;0.0626003
1600352672332;0.437173;1.40176;-0.754659;-0.0448979;0.99586;0.0701403
1600352672363;0.460121;1.40707;-0.753387;-0.0453231;0.996478;0.0670075
1600352672395;0.480982;1.41198;-0.752849;-0.0383143;0.997495;0.0580897
1600352672427;0.500929;1.41572;-0.752332;-0.0338723;0.998232;0.0488475
1600352672457;0.518751;1.41837;-0.75181;-0.0338152;0.99835;0.0437956
1600352672490;0.534143;1.42084;-0.751065;-0.0322246;0.998721;0.0355073
1600352672522;0.550995;1.41869;-0.75046;-0.0298852;0.999043;0.0315812
1600352672557;0.575797;1.4148;-0.749136;-0.012829;0.99911;0.0396915
1600352672604;0.591741;1.41237;-0.749176;-0.0120252;0.998984;0.0432859
1600352672639;0.605923;1.41045;-0.750266;-0.0197478;0.998637;0.0480821
1600352672668;0.623878;1.40854;-0.750087;-0.027886;0.997952;0.0561379
1600352672699;0.643756;1.40652;-0.748204;-0.0294201;0.997767;0.0592054
1600352672731;0.661897;1.4045;-0.746804;-0.0277254;0.997871;0.0590292
1600352672763;0.682785;1.40371;-0.745475;-0.0250567;0.998006;0.0578232
1600352672795;0.702107;1.40385;-0.744517;-0.032414;0.997928;0.0555595
1600352672826;0.722658;1.40451;-0.743338;-0.0297807;0.997951;0.0565203
1600352672858;0.743985;1.40347;-0.742276;-0.0213767;0.997739;0.062827
1600352672890;0.764469;1.40388;-0.740998;-0.0197372;0.997006;0.0722677
1600352672923;0.783464;1.40522;-0.739395;-0.020997;0.996763;0.0730978
1600352672954;0.811536;1.4041;-0.735697;-0.0172589;0.99668;0.0703754
1600352673002;0.828774;1.40204;-0.7329;-0.0110164;0.99623;0.0695087
1600352673035;0.842193;1.40023;-0.731044;-0.00898112;0.995606;0.0706201
1600352673068;0.853549;1.39887;-0.728714;-0.00797766;0.995295;0.07154
1600352673100;0.863167;1.3965;-0.726312;0.000625372;0.995671;0.0689984
1600352673133;0.871255;1.39349;-0.724027;0.00113274;0.995703;0.0711815
1600352673163;0.878638;1.39209;-0.72137;-0.00409806;0.995299;0.0761961
1600352673195;0.883803;1.39209;-0.718873;-0.00320166;0.995168;0.0773743
1600352673227;0.887664;1.39189;-0.717025;-0.00149128;0.995651;0.0724406
1600352673258;0.889875;1.39141;-0.715036;-0.00162111;0.996057;0.0703961
1600352673291;0.891354;1.39164;-0.713442;-0.0010633;0.99615;0.0711391
1600352673322;0.891313;1.39168;-0.712483;0.00245541;0.99627;0.0690807
1600352673354;0.89094;1.39181;-0.712536;0.00480348;0.996741;0.0638879
1600352673402;0.889012;1.39082;-0.712908;0.00689852;0.99672;0.0637302
1600352673434;0.886433;1.38921;-0.713854;0.0075886;0.996624;0.0655267
1600352673466;0.882938;1.38838;-0.715235;0.00422165;0.996616;0.0680129
1600352673498;0.878603;1.38727;-0.716799;0.00377066;0.996563;0.0700771
1600352673530;0.873716;1.38625;-0.718147;0.00621504;0.996443;0.0711085
1600352673562;0.867524;1.38614;-0.71921;0.00692672;0.996472;0.0694992
1600352673595;0.860107;1.38619;-0.720073;0.00762559;0.99672;0.0655111
1600352673627;0.849937;1.3857;-0.720937;0.0105508;0.99676;0.0631132
1600352673671;0.840221;1.3848;-0.72179;0.010264;0.996254;0.065777
1600352673703;0.82482;1.38415;-0.7228;0.00219409;0.995776;0.0707336
1600352673743;0.814404;1.38377;-0.723032;0.000991166;0.996047;0.0694954
1600352673765;0.795038;1.38205;-0.7242;0.00651479;0.996485;0.0662235
1600352673809;0.781712;1.38114;-0.725252;0.0048178;0.996092;0.0701841
1600352673838;0.764532;1.38091;-0.726069;0.00232972;0.995659;0.0715796
1600352673871;0.744049;1.37883;-0.726948;0.00509334;0.995484;0.067144
1600352673906;0.726571;1.37686;-0.727735;0.00378375;0.994984;0.0672371
1600352673934;0.702311;1.37653;-0.727912;-0.00497365;0.993917;0.0695127
1600352673966;0.677169;1.37538;-0.727817;-0.00446057;0.993748;0.0643304
1600352673996;0.648149;1.37206;-0.728047;0.00455785;0.994251;0.0569158
1600352674028;0.619724;1.36768;-0.728434;0.00165913;0.994078;0.0569172
1600352674061;0.586723;1.36324;-0.727741;-0.00586939;0.993019;0.0608056
1600352674093;0.55326;1.35849;-0.726736;-0.00851777;0.99356;0.0608625
1600352674124;0.521019;1.35335;-0.726633;-0.00266892;0.994727;0.0615134
1600352674154;0.468691;1.34769;-0.725959;0.00779015;0.995792;0.060415
1600352674204;0.430867;1.34248;-0.724766;0.00891653;0.996882;0.05047
1600352674239;0.400334;1.33762;-0.724395;0.0139619;0.997438;0.0437179
1600352674266;0.364989;1.33307;-0.72437;0.0265565;0.997496;0.0445672
1600352674298;0.330339;1.33101;-0.724253;0.0330011;0.997709;0.0454543
1600352674330;0.296375;1.32992;-0.723843;0.0371137;0.997977;0.0419618
1600352674362;0.262752;1.32964;-0.724222;0.0455847;0.997958;0.039369
1600352674394;0.231795;1.32802;-0.724173;0.0513937;0.997698;0.0438407
1600352674427;0.202265;1.32875;-0.724148;0.0502422;0.99736;0.0513577
1600352674458;0.173854;1.33086;-0.724575;0.0502474;0.99705;0.0546181
1600352674492;0.146529;1.33426;-0.725987;0.0503906;0.996739;0.0581348
1600352674523;0.122222;1.34113;-0.72599;0.046794;0.996414;0.0589042
1600352674555;0.0917818;1.34985;-0.72763;0.0431798;0.995489;0.0502463
1600352674602;0.0733189;1.35551;-0.730203;0.0416051;0.99495;0.0474237
1600352674634;0.0551285;1.36111;-0.733586;0.0378057;0.994628;0.0459252
1600352674666;0.0383998;1.36593;-0.737266;0.033427;0.993905;0.0420902
1600352674699;0.0247279;1.36817;-0.740674;0.0316675;0.992909;0.0382714
1600352674733;0.0148317;1.3695;-0.74331;0.0287098;0.992421;0.0422684
1600352674764;0.00607553;1.37163;-0.745824;0.0231856;0.991859;0.0471314
1600352674794;8.37445e-05;1.374;-0.74752;0.0233932;0.991283;0.0454995
1600352674826;-0.00417766;1.37465;-0.749749;0.0226952;0.991118;0.0425723
1600352674860;-0.00602039;1.37402;-0.752074;0.0211497;0.991117;0.0449563
1600352674891;-0.00677044;1.37351;-0.75473;0.0230999;0.991479;0.0490523
1600352674923;-0.00703158;1.37315;-0.757333;0.0258476;0.991706;0.0491011
1600352674955;-0.00368467;1.37078;-0.760743;0.0247307;0.991305;0.0518952
1600352675002;0.00134401;1.36902;-0.762438;0.0222167;0.99149;0.0554982
1600352675035;0.00750755;1.36779;-0.764234;0.022437;0.992322;0.0570397
1600352675067;0.013579;1.36589;-0.76628;0.0248429;0.992756;0.059032
1600352675098;0.020892;1.36402;-0.768133;0.0249233;0.992567;0.0627817
1600352675131;0.0294845;1.36387;-0.768377;0.0264286;0.992564;0.0650665
1600352675165;0.0369015;1.36321;-0.767671;0.0273685;0.993079;0.0630547
1600352675196;0.0460033;1.3616;-0.767361;0.0242641;0.993709;0.059997
1600352675229;0.0552515;1.35908;-0.766679;0.0206188;0.993969;0.060544
1600352675258;0.0645966;1.35728;-0.766413;0.0228669;0.993805;0.0645275
1600352675290;0.0749794;1.35569;-0.766094;0.0290165;0.993549;0.0690256
1600352675323;0.0857544;1.35427;-0.765235;0.0286122;0.993851;0.0695088
1600352675355;0.101012;1.35331;-0.764514;0.0294646;0.99406;0.0653883
1600352675403;0.112288;1.35231;-0.763345;0.0356597;0.993513;0.0635278
1600352675434;0.125223;1.35077;-0.761521;0.0396249;0.99305;0.0620909
1600352675467;0.140024;1.34841;-0.758602;0.0400715;0.992908;0.0623427
1600352675499;0.156585;1.34562;-0.754726;0.0399881;0.993038;0.0637425
1600352675531;0.173038;1.34307;-0.750302;0.0382343;0.993108;0.0657812
1600352675564;0.19054;1.3407;-0.74538;0.0388388;0.992808;0.0671483
1600352675594;0.208309;1.33735;-0.740783;0.041876;0.99235;0.0657542
1600352675626;0.228766;1.33541;-0.735713;0.0433837;0.992077;0.0630469
1600352675659;0.250411;1.33488;-0.730457;0.0424152;0.992133;0.0611923
1600352675691;0.274587;1.33315;-0.724613;0.0397993;0.992104;0.0604643
1600352675724;0.302517;1.33157;-0.717307;0.0374307;0.991472;0.0592618
1600352675759;0.343026;1.32969;-0.707621;0.0357645;0.990927;0.058864
1600352675802;0.374137;1.32925;-0.700939;0.0298955;0.991284;0.0604651
1600352675834;0.405575;1.32998;-0.695309;0.0266794;0.991478;0.0605738
1600352675866;0.438464;1.33038;-0.690246;0.0235832;0.991483;0.058057
1600352675899;0.469434;1.33072;-0.686287;0.0176413;0.991245;0.0545639
1600352675930;0.499545;1.3319;-0.682995;0.0164337;0.990667;0.0552589
1600352675962;0.536432;1.33318;-0.679637;0.00927348;0.989871;0.0637039
1600352676001;0.560661;1.33484;-0.677158;0.00270073;0.989512;0.0692758
1600352676026;0.590739;1.33665;-0.673786;-0.00124919;0.989642;0.072385
1600352676059;0.619693;1.33904;-0.671305;-0.00411323;0.989865;0.0740183
1600352676091;0.6473;1.34384;-0.668194;-0.0097367;0.99029;0.0726786
1600352676124;0.672277;1.34698;-0.665489;-0.0166224;0.991173;0.0655659
1600352676155;0.708324;1.35075;-0.662952;-0.0218108;0.993031;0.0568135
1600352676204;0.729538;1.35269;-0.662183;-0.020686;0.9938;0.0580866
1600352676238;0.746696;1.35502;-0.661856;-0.0188331;0.994214;0.059996
1600352676270;0.763683;1.35861;-0.661761;-0.0194008;0.995162;0.0577516
1600352676312;0.775004;1.36195;-0.66234;-0.0170133;0.995876;0.0546519
1600352676340;0.78583;1.36467;-0.662781;-0.0125815;0.996367;0.0509754
1600352676390;0.794797;1.36728;-0.663572;-0.0152607;0.996631;0.0489542
1600352676414;0.797642;1.3687;-0.663898;-0.0163489;0.996675;0.0485319
1600352676432;0.801242;1.3704;-0.664756;-0.0148302;0.996581;0.0478082
1600352676462;0.803787;1.3709;-0.665341;-0.0131559;0.996406;0.0463184
1600352676492;0.805317;1.37119;-0.666097;-0.0125094;0.996355;0.0449312
1600352676524;0.805924;1.37095;-0.66728;-0.0131474;0.996287;0.0460518
1600352676558;0.804452;1.37102;-0.668572;-0.0111655;0.996035;0.0468742
1600352676603;0.802742;1.3706;-0.66926;-0.00959654;0.995874;0.045008
1600352676635;0.800055;1.37056;-0.670033;-0.00873797;0.995801;0.0457672
1600352676667;0.796408;1.36973;-0.670901;-0.00784628;0.99577;0.0473966
1600352676698;0.79196;1.36906;-0.671748;-0.00772765;0.995693;0.0472977
1600352676731;0.785999;1.36785;-0.672377;-0.00568768;0.995522;0.0464258
1600352676762;0.779884;1.36616;-0.673049;-0.00353655;0.995447;0.0475287
1600352676795;0.772888;1.36465;-0.673671;-0.00177959;0.995725;0.0486226
1600352676828;0.764756;1.36435;-0.674567;-0.0020605;0.995959;0.0495908
1600352676860;0.753516;1.3629;-0.675574;-0.00274909;0.995842;0.0521396
1600352676897;0.7438;1.36164;-0.675943;-0.00125603;0.995688;0.0536233
1600352676923;0.731278;1.36024;-0.675986;-0.0015817;0.995615;0.0550651
1600352676955;0.709386;1.35886;-0.676644;-0.00395894;0.995617;0.0547299
1600352677002;0.692296;1.3575;-0.677797;-0.00457412;0.995549;0.055047
1600352677034;0.673868;1.35569;-0.679153;-0.00703017;0.995357;0.0566445
1600352677068;0.654163;1.35447;-0.680919;-0.00630829;0.995264;0.0550109
1600352677098;0.6326;1.35272;-0.68324;-0.00451732;0.995397;0.0516986
1600352677131;0.609678;1.34941;-0.685906;-0.00405484;0.995574;0.0505187
1600352677163;0.584596;1.34556;-0.688358;9.08524e-05;0.995531;0.0506732
1600352677195;0.560028;1.34174;-0.690211;0.00578384;0.99506;0.0557215
1600352677227;0.533793;1.33832;-0.689962;0.00755949;0.994674;0.0580619
1600352677259;0.506981;1.335;-0.689381;0.0083798;0.994587;0.0508586
1600352677291;0.480455;1.33087;-0.688629;0.0140534;0.994456;0.0472403
1600352677326;0.455736;1.32662;-0.687077;0.0194029;0.994519;0.0495958
1600352677357;0.422632;1.32354;-0.685616;0.0266236;0.994749;0.0509241
1600352677402;0.401059;1.32341;-0.684537;0.0343772;0.995303;0.0490514
1600352677434;0.379331;1.3226;-0.684389;0.0422107;0.995695;0.0450536
1600352677466;0.358471;1.32206;-0.684908;0.0430388;0.995876;0.0428453
1600352677499;0.338779;1.32096;-0.686476;0.0429684;0.995841;0.045233
1600352677531;0.321022;1.32095;-0.688929;0.0460946;0.995772;0.0522381
1600352677563;0.3043;1.32135;-0.692151;0.0457833;0.99593;0.054389
1600352677596;0.288949;1.32282;-0.695063;0.0386768;0.996208;0.049163
1600352677626;0.27622;1.32395;-0.697705;0.0338807;0.99629;0.0444779
1600352677659;0.264597;1.32422;-0.699287;0.0348899;0.99649;0.0429168
1600352677690;0.253213;1.32357;-0.700434;0.0354645;0.996552;0.0428159
1600352677722;0.24371;1.32191;-0.699915;0.0327548;0.996334;0.0462067
1600352677755;0.233076;1.31728;-0.696096;0.0311441;0.995636;0.05487
1600352677802;0.232636;1.31646;-0.688658;0.0277399;0.995084;0.0650994
1600352677835;0.230272;1.31623;-0.679564;0.0261737;0.995577;0.0637565
1600352677875;0.22882;1.3154;-0.67388;0.0286645;0.996007;0.0611384
1600352677899;0.226525;1.31532;-0.665023;0.0306883;0.996119;0.0636721
1600352677930;0.224723;1.31598;-0.654388;0.0296391;0.996144;0.0655434
1600352677962;0.224142;1.3163;-0.641908;0.0305631;0.996364;0.0621255
1600352677994;0.224897;1.31618;-0.628161;0.0300387;0.996789;0.0570288
1600352678026;0.22625;1.31464;-0.612439;0.0293474;0.997248;0.0528216
1600352678059;0.226866;1.31257;-0.59569;0.0274435;0.997583;0.0497022
1600352678091;0.227736;1.31026;-0.578777;0.0257905;0.997596;0.048057
1600352678123;0.229291;1.30852;-0.560342;0.0297454;0.997322;0.0463926
1600352678155;0.234081;1.30542;-0.529153;0.0262415;0.997374;0.0450738
1600352678202;0.237426;1.30394;-0.505408;0.0199972;0.997481;0.044243
1600352678235;0.243115;1.30075;-0.480317;0.0199389;0.99729;0.0402474
1600352678266;0.249385;1.2988;-0.450255;0.0205791;0.997087;0.038818
1600352678304;0.255157;1.29879;-0.419734;0.0193645;0.997274;0.0390047
1600352678333;0.259852;1.30091;-0.388722;0.0136959;0.997375;0.0371151
1600352678366;0.264721;1.30464;-0.355329;0.0166676;0.997076;0.0305735
1600352678401;0.268794;1.30752;-0.32596;0.0262665;0.996812;0.0265473
1600352678429;0.272375;1.3101;-0.295281;0.0283804;0.996672;0.0273633
1600352678460;0.276219;1.31246;-0.266682;0.0223942;0.996385;0.0336391
1600352678492;0.280875;1.31753;-0.238965;0.016967;0.996306;0.0445191
1600352678523;0.283048;1.32603;-0.212698;0.0117886;0.996769;0.0447358
1600352678555;0.285447;1.33563;-0.175328;0.00766484;0.996584;0.0263923
1600352678602;0.288558;1.33855;-0.15074;0.0072981;0.996385;0.0276723
1600352678635;0.290563;1.34143;-0.125453;0.00429298;0.996392;0.0344769
1600352678666;0.29199;1.34357;-0.0997133;0.00151195;0.996371;0.0339271
1600352678699;0.293031;1.34424;-0.0744185;0.00160961;0.996525;0.0329253
1600352678730;0.293879;1.3441;-0.0490164;-0.00178331;0.996711;0.0380861
1600352678762;0.293289;1.34357;-0.0225021;-0.00468315;0.996665;0.0415829
1600352678795;0.292876;1.3423;0.00375986;-0.00413506;0.996532;0.039984
1600352678826;0.292742;1.33895;0.0325571;-0.007495;0.996563;0.037793
1600352678860;0.292186;1.33589;0.059714;-0.00831179;0.996665;0.0384162
1600352678893;0.291578;1.33102;0.0941408;-0.00316112;0.996768;0.0398617
1600352678932;0.290875;1.3267;0.129667;-0.0065648;0.997117;0.0401885
1600352678972;0.287975;1.32473;0.167854;-0.00575711;0.997556;0.040689
1600352679015;0.285485;1.32365;0.19084;-0.00272982;0.997725;0.0391468
1600352679037;0.281642;1.32317;0.222667;-0.00364612;0.997784;0.0380688
1600352679074;0.279076;1.32514;0.247284;-0.00182545;0.997694;0.0409521
1600352679101;0.276298;1.33003;0.274684;0.00208543;0.997679;0.0437811
1600352679132;0.273253;1.33698;0.302704;0.00127412;0.997938;0.0384562
1600352679166;0.271381;1.34265;0.329205;-0.00179762;0.998271;0.0281772
1600352679196;0.269625;1.34638;0.352944;-0.00338994;0.998672;0.0245732
1600352679226;0.266553;1.35084;0.377495;-0.00390834;0.998914;0.0262938
1600352679258;0.261749;1.35496;0.40247;-0.00142863;0.998703;0.0244885
1600352679292;0.25934;1.35707;0.425899;0.000469983;0.998041;0.0244841
1600352679324;0.258303;1.35848;0.451133;-0.00576814;0.997514;0.0316203
1600352679355;0.257691;1.36155;0.489475;-0.0144041;0.997497;0.0364277
1600352679405;0.258007;1.36212;0.510862;-0.01194;0.997902;0.0317169
1600352679435;0.257687;1.36129;0.534951;-0.00941132;0.998256;0.0284452
1600352679468;0.257266;1.35911;0.558501;-0.00993365;0.998228;0.0268492
1600352679502;0.258444;1.3564;0.579211;-0.00839068;0.997942;0.027595
1600352679532;0.260515;1.35371;0.602086;-0.00668693;0.997798;0.0304359
1600352679563;0.262608;1.3512;0.626008;-0.00941612;0.997818;0.0313258
1600352679595;0.264746;1.3494;0.650121;-0.012311;0.997698;0.0321217
1600352679631;0.267327;1.34827;0.673274;-0.0115272;0.997532;0.0334511
1600352679658;0.269879;1.3476;0.69687;-0.0124563;0.997563;0.0317873
1600352679691;0.271765;1.34767;0.718308;-0.0196239;0.997227;0.0279237
1600352679723;0.274862;1.34952;0.739953;-0.0240382;0.996215;0.0244424
1600352679755;0.281282;1.35617;0.773607;-0.0121373;0.996352;0.0119427
1600352679803;0.284238;1.35906;0.791714;-0.00159934;0.997496;0.00271286
1600352679833;0.28431;1.36226;0.809608;-0.00295937;0.997846;0.0033951
1600352679867;0.286927;1.36423;0.824608;-0.00739942;0.997213;0.00792778
1600352679900;0.291573;1.366;0.837733;-0.00722621;0.997375;0.00773709
1600352679931;0.295319;1.36715;0.848661;-0.00891498;0.998148;0.00647047
1600352679963;0.296738;1.36773;0.858032;-0.0101487;0.998303;0.00861895
1600352679995;0.297862;1.36811;0.866515;-0.00686215;0.998196;0.0097966
1600352680026;0.298403;1.36648;0.872782;-0.00803745;0.998297;0.0098943
1600352680058;0.297851;1.36452;0.876543;-0.00968832;0.998333;0.012437
1600352680090;0.297081;1.36251;0.878075;-0.00675832;0.998217;0.0165048
1600352680121;0.296717;1.36004;0.878242;-0.00651124;0.998219;0.0189447
1600352680154;0.296023;1.35577;0.875043;-0.00718433;0.998341;0.0234547
1600352680202;0.295534;1.35369;0.871221;-0.00891444;0.998342;0.0298295
1600352680233;0.293881;1.35214;0.865334;-0.0121221;0.99838;0.03331
1600352680265;0.292078;1.3524;0.858408;-0.0124104;0.998501;0.0341416
1600352680299;0.289917;1.35341;0.851167;-0.0116426;0.99876;0.0329813
1600352680330;0.286844;1.35502;0.842371;-0.0120121;0.999012;0.0311536
1600352680362;0.282065;1.35562;0.83131;-0.014503;0.999116;0.0302292
1600352680397;0.277081;1.35562;0.819291;-0.0147016;0.999239;0.0282877
1600352680428;0.270757;1.35479;0.803862;-0.0127072;0.999386;0.0255741
1600352680463;0.264608;1.35349;0.788817;-0.0130658;0.999438;0.0247339
1600352680491;0.258973;1.35137;0.77262;-0.012855;0.999479;0.0256209
1600352680522;0.253119;1.34812;0.753843;-0.0103578;0.99952;0.0274421
1600352680555;0.244299;1.3431;0.725723;-0.00603031;0.999432;0.0314772
1600352680602;0.238613;1.33831;0.705943;-0.00142011;0.999306;0.0357931
1600352680633;0.233091;1.33245;0.686532;0.00395067;0.999029;0.0431597
1600352680666;0.227724;1.32712;0.667429;0.00288635;0.998479;0.0546027
1600352680698;0.223111;1.32346;0.649891;-0.00353588;0.997781;0.0658027
1600352680731;0.218904;1.32167;0.630591;-0.00176555;0.997244;0.0729968
1600352680762;0.215648;1.32168;0.611915;0.00460647;0.997094;0.0751243
1600352680794;0.211788;1.32285;0.592899;0.00237699;0.997237;0.0737491
1600352680828;0.207529;1.32479;0.574002;-0.00692333;0.997258;0.072814
1600352680859;0.204027;1.32802;0.55444;-0.0110056;0.99715;0.0728094
1600352680894;0.201869;1.33152;0.536203;-0.00911665;0.99739;0.0694549
1600352680924;0.200436;1.33539;0.517654;-0.0100005;0.997932;0.0614799
1600352680956;0.199313;1.34024;0.490552;-0.0089756;0.998708;0.0482011
1600352681002;0.198457;1.34188;0.469758;-0.00785609;0.999027;0.0404113
1600352681038;0.19838;1.34161;0.452201;-0.00756343;0.999094;0.0369967
1600352681065;0.200005;1.34054;0.432586;-0.00816667;0.999043;0.0378855
1600352681098;0.201726;1.34013;0.413441;-0.00610386;0.99917;0.036649
1600352681130;0.203248;1.33855;0.393376;-0.00199023;0.999426;0.0303542
1600352681162;0.20435;1.33533;0.372047;0.00210595;0.99954;0.0260237
1600352681194;0.205468;1.33087;0.349955;0.00600432;0.999503;0.0250797
1600352681226;0.20593;1.32402;0.326118;0.0108834;0.999417;0.0236496
1600352681259;0.206301;1.31651;0.304168;0.0149944;0.999246;0.0249463
1600352681290;0.205438;1.30825;0.281201;0.0183746;0.998904;0.0296507
1600352681322;0.204487;1.30029;0.259297;0.0263998;0.998309;0.0356209
1600352681354;0.205267;1.28771;0.224569;0.0329834;0.997175;0.0555816
1600352681404;0.203854;1.28185;0.203039;0.0321538;0.996649;0.0646787
1600352681436;0.202074;1.27734;0.180951;0.0340922;0.996105;0.0685088
1600352681468;0.201578;1.27329;0.158469;0.0392193;0.995252;0.0734017
1600352681501;0.202713;1.27117;0.137746;0.0446703;0.994799;0.079004
1600352681540;0.202211;1.2715;0.12111;0.0500103;0.994776;0.0836512
1600352681569;0.198402;1.27356;0.101407;0.0480258;0.995042;0.0846829
1600352681608;0.193386;1.27693;0.0850403;0.0446458;0.995776;0.0752449
1600352681638;0.189105;1.27916;0.0710936;0.0533479;0.995621;0.0675496
1600352681664;0.186271;1.28127;0.0566306;0.0606165;0.995099;0.0693772
1600352681694;0.181827;1.28498;0.043014;0.0558375;0.995458;0.0721285
1600352681725;0.176358;1.28863;0.0304219;0.0537253;0.996074;0.0658785
1600352681757;0.170169;1.29285;0.0127757;0.0607508;0.99646;0.0515491
1600352681806;0.167478;1.29484;0.00320735;0.0671246;0.996507;0.0469498
1600352681834;0.163401;1.29526;-0.00706034;0.0665192;0.997018;0.0390605
1600352681867;0.160241;1.29335;-0.0180857;0.0632341;0.99737;0.0351406
1600352681897;0.157132;1.2906;-0.0285801;0.0687082;0.996955;0.0360187
1600352681930;0.154947;1.28715;-0.0380443;0.0731038;0.996732;0.0325189
1600352681962;0.150221;1.28099;-0.0476369;0.0662817;0.997228;0.0332638
1600352681995;0.146544;1.27207;-0.058303;0.061887;0.996832;0.0497992
1600352682031;0.142547;1.26366;-0.0660842;0.0605358;0.996232;0.0608563
1600352682061;0.139068;1.25398;-0.0736024;0.0650868;0.995602;0.0613277
1600352682094;0.140149;1.24297;-0.0817022;0.0724165;0.994336;0.0681118
1600352682126;0.145942;1.2333;-0.0905953;0.0574639;0.993763;0.0884832
1600352682154;0.155687;1.22188;-0.103876;0.0127887;0.993983;0.106468
1600352682204;0.162215;1.21542;-0.113665;0.0241354;0.993815;0.104826
1600352682236;0.174379;1.2095;-0.124153;0.0458406;0.992313;0.109717
1600352682267;0.192031;1.20394;-0.135223;0.0433014;0.991332;0.12059
1600352682303;0.20913;1.20039;-0.142774;0.0342603;0.991312;0.125511
1600352682331;0.230369;1.19701;-0.150592;0.0309505;0.99121;0.12849
1600352682363;0.256289;1.1936;-0.158073;0.03547;0.990455;0.131988
1600352682395;0.281535;1.19128;-0.164019;0.0412113;0.989051;0.132428
1600352682425;0.308814;1.18949;-0.168143;0.0435389;0.987443;0.127017
1600352682458;0.334194;1.18705;-0.17101;0.0411656;0.98662;0.114698
1600352682490;0.362974;1.18178;-0.173585;0.0589126;0.984527;0.10235
1600352682526;0.386776;1.17685;-0.174925;0.0763802;0.981855;0.0982715
1600352682557;0.428463;1.16739;-0.176645;0.070579;0.97782;0.103876
1600352682606;0.452318;1.16249;-0.176672;0.0721478;0.974679;0.104363
1600352682635;0.4778;1.15682;-0.17769;0.0827325;0.971254;0.0991042
1600352682665;0.501157;1.15043;-0.179029;0.093833;0.968038;0.0961746
1600352682698;0.523839;1.14418;-0.17948;0.10652;0.963605;0.0994365
1600352682731;0.543338;1.1389;-0.179554;0.105535;0.961184;0.108383
1600352682764;0.559645;1.13439;-0.17998;0.099888;0.958621;0.124038
1600352682794;0.574124;1.13103;-0.178084;0.0866719;0.955982;0.145255
1600352682825;0.586408;1.12784;-0.172029;0.0680678;0.956671;0.1575
1600352682858;0.597587;1.12412;-0.166168;0.0520567;0.960749;0.162554
1600352682890;0.609255;1.12024;-0.160675;0.0438822;0.965069;0.173612
1600352682923;0.624072;1.11798;-0.154206;0.045853;0.967885;0.183166
1600352682955;0.652525;1.11409;-0.141431;0.0417134;0.972791;0.170143
1600352683003;0.675298;1.10793;-0.134047;0.042331;0.974671;0.150727
1600352683037;0.698522;1.09849;-0.128585;0.0419963;0.972575;0.147099
1600352683068;0.723939;1.08865;-0.121968;0.0374205;0.967971;0.156688
1600352683103;0.74609;1.08048;-0.11554;0.039068;0.965929;0.16058
1600352683131;0.769353;1.07199;-0.109571;0.0452283;0.965687;0.160476
1600352683162;0.796183;1.06236;-0.103119;0.0536979;0.964292;0.160983
1600352683194;0.824863;1.05294;-0.0980962;0.0571149;0.960911;0.162379
1600352683226;0.854392;1.04388;-0.0921074;0.0571519;0.955999;0.160486
1600352683258;0.884523;1.03405;-0.0857813;0.0637028;0.952308;0.151769
1600352683290;0.914205;1.02604;-0.0821049;0.072796;0.948321;0.146159
1600352683323;0.940973;1.01933;-0.0772642;0.0763816;0.943323;0.140776
1600352683355;0.978932;1.00737;-0.0703685;0.0662275;0.942152;0.123269
1600352683403;1.0014;0.997739;-0.0694377;0.0596974;0.938304;0.133052
1600352683435;1.02148;0.99158;-0.0638513;0.0745635;0.934038;0.141856
1600352683467;1.04257;0.983235;-0.0584589;0.101068;0.935477;0.124355
1600352683499;1.06217;0.971699;-0.0590259;0.0978069;0.933222;0.127795
1600352683532;1.07813;0.962299;-0.0593637;0.0685377;0.922125;0.180965
1600352683564;1.09268;0.959085;-0.0560383;0.0601828;0.912973;0.226203
1600352683597;1.10753;0.95951;-0.0507766;0.0728612;0.917424;0.233489
1600352683629;1.12444;0.961608;-0.0470227;0.0794834;0.92642;0.223875
1600352683659;1.14385;0.965261;-0.0449823;0.061394;0.932185;0.215291
1600352683690;1.16448;0.969999;-0.0421522;0.0448321;0.937706;0.199712
1600352683725;1.18238;0.972923;-0.0412082;0.0502416;0.939778;0.177289
1600352683755;1.21248;0.973827;-0.046647;0.0373318;0.938734;0.160874
1600352683804;1.23114;0.972302;-0.052209;0.0312825;0.937733;0.175622
1600352683836;1.25464;0.968562;-0.0585208;0.0361937;0.934441;0.190009
1600352683868;1.28117;0.96335;-0.064514;0.0377893;0.930173;0.190802
1600352683898;1.31099;0.957016;-0.0716675;0.0346332;0.922274;0.179675
1600352683931;1.33883;0.947294;-0.078994;0.0285741;0.913194;0.167869
1600352683962;1.36536;0.934214;-0